100
3 11000000 26000000 6000000
3 11 1 10
2 69503086 20285344
3 99994787 49538921 99994787
2 96777135 11583312
3 71889529 24774606 24774606
2 19278298 71566310
3 24092924 80369755 80369755
3 40832465 99576018 40832465
2 85282999 2075415
3 30822333 30822333 87555100
3 34988392 34988392 95051585
3 26429900 32078313 26429900
2 22514813 29836897
2 38166288 33024079
2 57101461 39940876
2 12643438 14901863
2 4837893 7108304
2 9547582 11933264
2 42144878 28253901
2 9547662 8689481
3 54713965 30929020 30929020
2 59486316 14871579
2 42455616 6065088
2 6949453 48646171
2 39098358 1503783
3 6505290 19515870 6505290
3 6781085 20343255 6781085
3 77052010 77052010 38526005
2 25360478 1950806
3 70998208 70998208 35499104
2 32001443 64002886
2 78636960 58977720
2 65723292 71200233
2 65362224 49021668
2 64958625 68377500
3 14232439 14232439 28464878
3 64428654 64428654 85904872
2 66777948 59358176
3 30586150 45879225 30586150
3 61077570 61077570 40718380
2 78768820 83402280
3 9848 9849 12595
3 45850 4562 45849
3 5586 4562 263141
3 44726776 20931544 34516024
3 17230658 5308313 10651146
3 3162890 19291730 10153320
3 35199536 31145336 5305636
3 2136099 50341781 17381764
3 2499222 1587542 5461368
3 8769141 1953405 6370663
3 70142496 98083536 38648688
3 27441089 32266773 11002097
3 37602571 57516171 5472011
3 43519560 91278600 97996260
3 11900419 44950227 2810679
3 37897865 60595916 30327379
3 2648060 2303884 975788
3 55472754 2906544 33266946
3 67637836 2668672 30269596
3 3963305 12235970 16437395
3 24537095 9821519 472911
3 8062778 165314 7313760
3 4328306 10226626 463186
3 11299571 36328731 32217741
3 40110380 54780672 3923201
3 5087023 7397543 811903
3 1207722 45634082 56497462
3 439629 3746584 4375979
3 2485640 15318640 14298260
3 12144297 44145541 66787380
3 1272492 37783224 37685340
3 96643229 11440313 65236779
3 41679755 70798775 35992655
3 28249803 176343 15102615
3 20620128 38142528 70100328
3 1281151 6546887 12457463
3 60646931 25528811 19327621
3 31046436 57149172 9891062
3 67202007 49236423 25797735
3 88535524 10396750 71836744
3 1116252 2530607 157050
3 29377371 44508563 10729051
3 2174802 10715736 12865136
3 12093761 4686900 20397824
3 65252449 77283345 62170329
3 19199478 74147877 67200
3 18150864 8322354 20600172
3 28456867 9047907 81368507
3 85309364 9822706 22258662
3 7528656 24313626 33057261
3 57597687 55880853 27642822
3 75991917 619312 55178532
3 9537176 35083416 75295264
3 54988241 3256250 14337995
3 6710054 6085364 6395816
3 14223755 28370867 1610595
3 3462233 37728805 97319477
3 72833688 45097578 26074773
