20
2 5
0.600000 0.600000
1 20
1.000000
3 4
1.000000 0.900000 0.100000
3 100
0.500525 0.175108 0.000219
3 42
0.000001 0.000011 0.000008
2 3
0.999999 1.000000
1 3
0.000002
3 10
0.900854 0.829034 0.119760
2 7
0.810476 0.001065
2 7
0.002533 0.802354
2 60
0.292499 0.354883
2 5
0.838440 0.173021
3 10
0.152039 0.976486 0.058293
3 17
0.053313 0.261804 0.704556
3 5
0.882833 0.186584 0.222000
3 4
1.000000 1.000000 0.442134
3 42
0.999999 1.000000 1.000000
2 4
0.000009 0.000007
3 10
0.839088 0.146335 0.888156
1 4
0.999998
