50
4 6 4
1 4 2 1
100 10 1
1
5 5 10
2 4 2 3 4 2 1 2 1 3
1 1 1
1
100 2 2
1 2
1000 100 10
4 3 9 1 2 5 6 9 1 10
1 10 10
4 3 4 1 2 5 6 9 1 10
1 10 9
1 1 1 1 1 1 1 1 1
1000 10 9
1 1 1 1 1 1 1 1 1
934 9 10
8 8 8 8 8 8 8 8 8 8
734 3 10
1 2 3 3 2 1 1 2 3 1
345 19 10
10 10 10 10 10 10 10 10 10 10
765 10 10
10 1 10 1 10 1 10 1 10 1
1000 100 10
10 10 10 10 10 10 10 10 10 10
734 20 10
1 2 3 4 5 6 7 8 9 10
631 16 10
10 9 8 7 6 5 4 3 2 1
2 11 8
10 1 7 3 8 6 9 2
3 11 8
2 6 2 6 5 6 8 9
4 14 5
4 10 8 7 6
3 8 8
7 7 6 7 3 4 5 4
466 5 10
5 2 5 4 3 4 4 2 4 1
165 13 10
8 8 3 5 9 6 8 3 2 4
894 5 9
5 3 3 2 1 4 1 2 4
289 9 9
2 7 5 8 4 8 3 2 6
9 26 10
4 1 5 7 7 5 5 2 4 7
9 24 9
10 6 1 9 3 10 5 3 8
9 22 10
2 3 10 8 9 5 1 9 10 8
5 25 10
9 10 1 8 6 5 8 3 5 6
44 13 9
8 8 7 8 9 8 5 6 5
144 10 8
9 6 5 6 9 8 9 5
255 29 8
9 6 7 6 8 9 6 7
12 44 9
5 6 8 8 7 8 7 9 6
473 21 9
5 5 9 6 5 9 5 7 6
561 14 8
7 8 5 9 8 5 8 5
406 48 8
8 9 7 7 7 6 5 6
173 67 8
9 7 6 5 6 7 8 8
756 25 10
7 9 6 9 5 7 5 8 5 5
300 76 9
7 6 7 8 6 9 5 5 9
627 73 5
6 6 8 9 8
508 74 5
8 7 5 7 9
651 64 9
5 5 6 9 8 8 7 9 7
168 87 8
5 9 9 6 7 9 6 5
227 50 7
7 7 7 9 6 5 7
504 23 9
6 6 7 9 5 6 8 9 8
900 40 9
8 6 6 7 9 8 6 8 6
814 38 5
7 6 7 7 6
60 87 7
7 9 8 7 5 8 6
41 13 8
9 7 9 7 7 5 8 8
429 15 6
8 6 8 6 9 5
398 81 7
6 8 8 9 7 5 9
