100
531 866
533 657
1 65
464 710
9 109
21 221
483 584
3 6
28 398
535 913
591 708
122 1000
594 967
9 302
3 9
100 1000
484 484
4 485
8 221
303 484
7 121
1 101
10 921
108 847
155 394
472 594
489 800
1 6
1 5
151 817
1 109
155 589
283 883
1 104
121 484
244 266
1 485
10 120
212 300
1 10
757 835
3 5
852 862
65 584
736 816
480 563
4 484
250 987
122 483
21 485
4 121
68 616
3 65
449 468
8 484
297 853
4 10
306 561
1 121
9 122
647 923
21 302
1 302
598 682
384 484
609 955
131 952
121 121
4 9
3 4
3 104
27 98
484 742
712 753
1 122
123 545
208 530
1 1000
1 4
8 121
1 2
303 485
3 485
1 484
315 319
1 9
21 484
65 122
65 742
65 302
120 485
3 10
258 275
721 952
384 584
121 221
120 302
1 1
65 221
140 217
