100
6 6 2 3
1 7 5
100 1 5 3
1 50 7
0 1 255 3
21 29 36
1 0 1 3
162 244 241
1 0 0 3
1 3 2
1 0 0 3
13 12 13
255 0 0 2
100 200
255 0 0 3
111 220 125
255 0 0 3
0 169 255
255 255 255 3
255 0 255
2 2 254 3
255 0 255
255 255 0 1
13
54 20 10 3
53 55 35
10 0 0 2
6 1
99 9 9 2
28 11
255 0 1 2
15 33
22 13 21 3
6 19 21
185 4 2 2
55 76
68 3 2 2
31 3
8 18 16 2
27 30
134 62 42 2
139 110
19 81 45 2
39 52
185 59 55 3
140 92 71
93 23 13 3
20 6 48
146 20 30 2
45 80
255 19 18 2
54 195
27 20 15 3
56 8 31
133 105 55 2
99 8
84 32 57 2
107 153
98 0 0 3
4 56 12
148 8 5 2
11 112
149 102 75 3
60 21 45
129 122 74 2
19 180
64 25 22 3
100 42 40
47 1 1 2
64 58
138 20 12 3
115 36 78
255 14 8 2
126 179
202 41 42 3
163 72 105
255 153 114 3
26 144 180
56 0 0 2
17 12
65 4 6 2
30 8
76 0 1 2
36 13
255 37 45 2
69 196
255 82 68 2
86 228
111 41 28 3
39 7 38
117 201 154 3
135 21 213
88 29 18 2
10 24
73 70 47 2
30 52
130 11 22 2
114 4
7 12 7 2
1 0
171 33 56 2
73 130
187 155 81 3
119 71 48
255 44 52 2
30 76
255 17 10 3
26 101 138
181 42 33 3
180 2 2
54 55 75 2
24 88
230 77 54 2
120 41
152 10 12 2
56 46
73 17 12 3
27 13 48
13 3 2 2
5 9
131 103 77 2
10 168
255 151 143 2
130 97
55 1 2 3
19 22 43
197 35 27 3
133 6 116
62 101 55 2
26 70
244 29 18 3
129 16 125
130 8 5 2
41 53
36 25 18 2
73 35
205 25 51 3
183 52 244
255 2 2 2
1 127
54 14 9 3
27 0 2
35 5 3 3
0 18 34
34 19 17 3
19 25 35
103 8 10 2
42 22
203 211 120 3
19 21 83
64 8 4 3
38 39 39
48 55 38 2
118 114
232 7 8 3
87 87 75
25 2 1 2
21 16
246 65 61 3
112 211 207
103 13 21 2
13 11
90 56 35 2
74 5
49 29 44 2
53 72
108 22 13 2
11 14
88 14 24 3
139 58 36
75 15 31 2
95 69
236 14 7 3
72 51 81
156 12 8 3
209 162 160
69 20 20 3
26 42 61
186 2 1 2
84 119
91 169 99 2
70 92
24 13 18 3
0 6 17
58 82 59 3
13 3 54
255 83 47 2
99 152
255 7 14 3
176 74 177
165 91 138 3
146 66 98
255 145 132 2
157 124
103 45 75 3
98 59 101
87 3 5 2
16 22
93 0 0 2
43 55
