100
6 6 2 3
1 7 5
100 1 5 3
1 50 7
0 1 255 3
187 125 71
1 0 1 3
147 245 244
1 0 0 3
1 3 2
1 0 0 3
13 12 13
255 0 0 2
100 200
255 0 0 3
111 220 125
255 0 0 3
0 169 255
255 255 255 3
255 0 255
2 2 254 3
255 0 255
255 255 0 1
13
179 7 5 3
85 8 96
209 9 6 2
69 36
133 140 102 3
91 114 88
255 2 1 3
173 81 206
8 0 0 2
21 7
41 12 13 3
70 23 61
255 10 7 3
9 6 110
66 3 5 3
6 9 8
193 49 65 3
5 90 70
43 35 31 2
20 24
255 148 115 2
68 52
39 6 3 3
42 41 44
248 54 35 3
125 100 58
115 2 1 2
21 40
70 0 0 3
110 36 104
15 2 1 3
16 24 31
153 177 89 3
33 150 153
96 6 9 2
24 48
100 126 105 3
79 43 42
57 6 5 2
157 5
161 1 3 2
53 81
255 51 44 3
51 75 8
30 25 13 2
18 73
34 14 9 2
90 1
180 102 75 3
114 147 36
61 44 27 3
76 26 73
178 16 8 3
64 50 43
101 6 3 2
20 24
107 16 8 3
40 8 58
94 13 23 3
47 12 16
255 15 18 3
40 44 71
23 0 0 2
4 11
255 213 155 3
149 180 64
136 41 59 3
129 112 55
157 60 34 3
16 91 111
176 31 35 3
121 2 94
143 50 30 2
156 114
255 19 25 2
4 83
31 6 3 2
38 40
18 9 5 3
22 25 10
156 73 96 3
2 34 18
175 27 16 2
84 21
26 4 4 2
8 2
12 30 17 3
0 23 12
255 125 101 3
40 180 77
163 110 62 3
38 83 33
142 59 43 2
126 16
243 35 19 2
174 177
164 13 23 3
83 80 34
32 37 21 2
27 46
255 14 8 2
80 134
59 0 0 2
20 2
233 73 64 2
234 180
255 24 19 3
174 83 85
91 6 5 3
18 21 36
46 2 1 3
79 75 50
52 29 26 3
4 14 4
134 25 25 3
49 55 16
204 71 54 3
192 66 195
168 51 30 3
38 155 50
255 145 130 3
134 205 31
104 41 34 2
70 192
29 2 2 2
15 12
95 0 0 2
24 44
255 18 18 2
115 174
60 21 11 2
51 21
135 7 14 3
25 158 13
255 135 116 2
146 34
193 12 18 3
23 44 88
39 0 0 2
1 27
97 29 22 2
78 116
134 98 49 2
34 19
255 82 66 3
248 68 27
7 8 11 2
16 18
63 5 6 2
3 20
255 0 0 2
28 15
62 35 26 2
71 66
31 4 6 3
61 57 28
47 35 42 2
122 78
67 11 12 3
113 174 98
255 54 62 3
176 86 143
121 64 34 3
33 66 29
255 140 78 2
90 128
85 0 0 3
49 23 58
177 14 24 3
81 4 33
255 255 173 2
149 224
152 115 72 3
129 140 149
136 11 7 2
63 88
