100
6 6 2 3
1 7 5
100 1 5 3
1 50 7
0 1 255 3
174 162 225
1 0 1 3
79 246 180
1 0 0 3
1 3 2
1 0 0 3
13 12 13
255 0 0 2
100 200
255 0 0 3
111 220 125
255 0 0 3
0 169 255
255 255 255 3
255 0 255
2 2 254 3
255 0 255
255 255 0 1
13
48 0 0 3
27 21 27
103 0 1 2
63 32
215 54 50 3
7 77 47
149 39 57 3
19 111 197
28 2 3 2
19 12
255 10 5 3
98 92 21
255 82 54 3
201 61 232
18 19 10 3
1 1 21
37 32 48 2
45 38
255 238 121 2
19 35
147 131 79 3
28 67 65
255 20 15 3
186 149 46
237 27 43 3
31 18 104
94 8 16 3
153 73 77
238 63 44 3
62 48 116
37 6 3 2
15 33
80 37 30 3
221 109 201
255 112 67 3
93 91 197
115 62 57 2
9 96
158 21 18 2
19 55
145 22 13 2
38 150
180 167 89 2
146 54
255 10 13 3
51 238 196
33 26 17 2
28 0
103 4 5 2
75 28
121 2 3 2
87 66
255 235 123 3
110 188 121
154 41 21 2
24 95
88 1 2 2
39 36
255 13 19 2
122 39
81 5 3 2
14 39
202 21 32 2
6 46
133 30 28 2
153 187
126 26 16 3
57 15 58
49 22 14 3
30 35 4
18 8 4 2
27 33
188 77 119 3
12 59 78
81 15 28 3
106 23 65
108 7 4 3
39 17 38
255 37 25 2
80 66
75 9 8 2
107 94
31 0 0 2
10 3
42 33 17 3
62 52 4
27 17 17 2
38 18
132 79 90 3
226 79 176
255 24 19 2
131 17
122 47 25 3
142 18 38
63 127 77 2
76 46
4 5 4 2
4 2
83 38 67 2
110 66
104 29 34 2
24 50
120 17 29 3
118 102 187
137 0 0 2
41 123
59 22 27 3
56 17 72
82 14 15 2
30 32
26 0 0 3
23 31 20
151 8 12 2
100 49
90 26 42 3
18 74 39
150 5 4 3
52 79 86
81 14 12 3
12 42 24
83 2 3 3
11 40 2
39 5 3 2
6 29
29 5 5 2
17 52
57 150 84 2
23 168
15 2 4 2
11 13
238 61 73 2
223 97
72 19 10 3
19 36 41
255 59 37 2
124 41
65 3 2 2
26 2
8 3 5 3
13 10 7
162 28 15 2
33 75
76 34 21 2
59 92
102 24 24 3
27 43 29
80 13 23 2
49 22
135 43 63 3
5 56 113
34 11 6 3
100 83 16
102 27 27 2
67 64
174 19 26 2
50 68
234 0 0 2
183 174
49 4 2 2
49 24
86 131 139 2
199 191
255 122 112 3
68 12 97
221 18 12 2
133 37
71 117 73 3
83 160 4
30 9 17 2
12 46
85 35 22 3
19 68 85
30 3 3 2
12 10
38 26 20 3
55 59 6
