100
5 3 10 5
0 2 5 6 7
1 1 1 1 4
5 3 10 5
0 2 3 5 7
2 1 1 1 4
5 3 10 5
0 2 3 4 7
2 1 1 1 4
1 0 1000000000 1
1
50
6 2 285601993 717
285537619 285553492 285554441 285559556 285574486 285597742
90 67 66 60 38 5
7 2 306064904 274
306045668 306052176 306053844 306060864 306062819 306063693 306064179
77 93 65 77 37 57 89
4 1 649617149 684
649551528 649601787 649605951 649615676
97 19 38 1
5 2 521149960 460
521127161 521135228 521136443 521139724 521148216
50 32 30 23 4
3 2 414188048 5
23090782 414187695 414187914
61 76 87
1 1 1000000000 1000
999900000
100
3 3 21208626 852
2163826 6173839 21198284
47 18 29
9 2 770243037 588
106871584 770197755 770205826 770209471 770210632 770213995 770227855 770234328 770236253
100 77 63 57 56 49 26 15 11
10 2 763895689 268
763869134 763872563 763874753 763875546 763877110 763877579 763880913 763885365 763885439 763894506
100 94 82 81 84 94 78 24 44 37
7 2 615150589 133
615139843 615140039 615141473 615143477 615144193 615144245 615145267
51 24 69 17 23 10 5
8 1 802615780 617
125945138 169911644 221210922 802572260 802588998 802598135 802600590 802600924
57 2 47 83 58 25 6 23
8 1 39750334 875
455313 5007049 5445331 8168074 11809409 39698326 39708660 39748979
77 87 85 23 47 92 41 8
7 1 30572525 288
30545401 30547267 30547629 30548560 30555863 30558101 30571201
97 90 95 17 64 4 3
6 1 888528252 673
48738496 888486861 888486939 888491093 888493759 888516491
80 2 70 45 11 98
2 1 705714256 54
705709217 705710812
95 72
3 3 521306162 314
521285037 521285672 521297874
68 66 27
6 3 170205290 34
170202471 170203104 170203303 170203372 170203941 170205019
85 99 86 95 93 89
2 1 402983092 12
402981914 402982167
100 85
7 1 202167556 667
29838756 46010393 84112404 202124437 202128189 202153912 202159400
21 97 47 98 99 32 1
6 3 792086013 848
792003567 792036384 792048425 792053524 792056571 792059103
98 58 44 38 34 31
2 2 352281988 190
216429697 352270767
41 97
3 1 593787742 79
45895981 192215603 302664058
12 64 80
8 2 467679085 21
51109672 467677309 467677658 467677690 467678372 467678553 467678888 467678964
57 90 40 38 22 20 8 15
2 1 775844749 54
775840494 775843085
95 95
10 3 826383877 970
826287995 826316159 826334237 826336001 826350464 826361285 826366875 826372778 826379419 826380924
38 22 76 14 19 31 9 7 4 24
3 1 379559721 546
379506184 379508437 379523678
100 91 86
9 2 201213004 941
12813379 13825051 53789117 72930825 97053490 112735621 201172196 201174739 201179520
37 42 49 5 81 26 31 8 67
10 1 810025124 855
189504526 292632107 809960181 809961315 809964183 809985889 809994836 810005917 810015612 810022956
97 13 51 20 19 44 10 12 10 2
8 2 130695903 56
15208492 130690971 130692093 130692216 130692344 130693714 130694165 130694718
15 90 88 87 67 68 28 10
9 3 557102912 677
557038279 557043962 557076714 557077765 557085234 557094496 557095128 557097312 557098291
99 96 4 32 54 32 45 6 99
3 1 435477814 729
435423185 435435198 435444413
34 82 31
4 1 321338175 585
321298961 321307387 321322095 321328844
68 53 27 15
3 3 883749533 840
883702278 883713836 883747788
62 47 39
3 2 209544327 164
209528575 209529061 209536346
91 97 16
4 3 118869460 704
118813726 118817826 118817940 118857076
80 74 73 17
7 3 771405984 317
195131131 771376859 771378657 771385411 771391289 771396486 771402597
76 100 92 91 95 13 2
7 3 837603626 590
837559907 837572722 837582644 837586222 837587237 837588500 837592094
75 53 35 29 27 25 19
3 3 923491813 236
923474995 923484528 923490463
82 26 1
5 2 45900227 682
45835016 45839270 45849717 45857219 45860308
34 62 72 78 44
7 1 5016547 776
200346 4949157 4974207 4998473 5001737 5004580 5008331
70 23 35 16 69 5 10
3 1 187539223 312
6928063 187528036 187534558
100 35 15
10 2 324997212 665
324931846 324956889 324958812 324966355 324974005 324975818 324981739 324982702 324984625 324989198
97 62 38 12 55 1 2 24 23 10
7 3 135290029 405
135273344 135274669 135278407 135283419 135284515 135286849 135288587
41 37 28 16 13 7 4
9 3 441994557 665
18277154 57742017 129864831 441973186 441973622 441976388 441976558 441978103 441988690
10 49 56 23 8 3 14 23 34
10 2 73913626 952
10542691 16161932 21194521 73861201 73864496 73872611 73879149 73885541 73901273 73905827
16 35 35 24 25 95 12 24 20 5
7 2 555224411 250
555201838 555205106 555206254 555208269 555208416 555212303 555221663
14 88 85 78 58 97 2
5 1 939858010 216
939841821 939842206 939852859 939854203 939854287
74 74 24 17 17
2 1 742653590 21
742653123 742653545
33 7
8 2 121706605 154
121691262 121695222 121695704 121696047 121700524 121701475 121704443 121704485
100 63 17 4 9 29 9 7
4 2 190260499 427
190235554 190237022 190241227 190244562
59 54 46 37
3 1 325960629 955
325865540 325911270 325913152
100 68 63
3 3 778136592 939
778048006 778048325 778115996
98 100 79
3 2 875508386 317
875502437 875503833 875507599
53 63 68
8 2 700939232 620
700885244 700899971 700910322 700911250 700920591 700921865 700926795 700935216
89 78 80 10 90 26 40 1
5 3 210518207 812
49394625 210475395 210477511 210480499 210505979
97 70 71 90 10
8 3 315152712 231
7624483 8367198 14971244 14999224 30287206 315143565 315146807 315147323
77 22 90 88 100 8 77 14
3 2 52421988 27
52419494 52419674 52420566
98 92 87
8 1 281019268 689
280955495 280963991 280969865 280986778 280987529 280995765 280998282 280999328
93 9 45 92 9 31 13 17
6 1 455957643 16
455956047 455956139 455956352 455957219 455957443 455957477
100 92 89 94 29 3
4 1 295750142 500
295720947 295731398 295735388 295749287
58 37 29 1
6 3 8696214 536
386044 8654361 8659922 8665995 8666240 8670763
55 3 6 6 57 56
7 2 230922745 679
230859321 230870260 230870810 230872321 230896487 230919192 230919934
95 54 36 14 11 79 22
2 1 366521734 345
366506071 366511850
25 41
4 2 47846136 268
47823340 47837129 47838541 47844775
86 34 29 5
4 3 941206602 636
178482433 941170139 941202670 941203326
100 58 6 5
10 3 606626737 188
606610141 606614566 606614736 606615917 606617730 606618938 606621241 606622316 606622544 606625244
96 74 21 45 41 30 4 69 9 3
2 1 694320875 689
694257032 694275995
92 66
10 1 911924918 682
911870721 911877154 911883924 911891173 911892728 911893009 911895178 911896888 911900984 911919576
63 28 78 33 19 14 46 24 29 6
1 1 1000000000 1000
999899999
100
10 3 410693357 601
410638092 410642083 410645136 410649666 410650908 410657757 410660615 410667297 410677563 410688241
91 86 81 72 71 59 55 43 26 8
8 1 26734674 522
26684407 26698046 26709629 26715721 26717543 26717659 26721515 26729044
82 30 98 5 16 99 24 6
4 1 782605110 376
782568011 782594780 782600502 782603054
99 27 12 6
2 1 152824144 433
83989061 97632559
61 2
7 2 285420079 277
22721481 285400408 285406071 285406516 285409140 285412719 285415726
100 71 51 49 39 26 16
10 2 50525722 884
50452355 50453971 50468324 50471454 50485308 50494732 50498974 50508432 50512590 50516199
83 81 65 61 45 35 30 20 15 10
5 2 611072514 198
54496127 611057187 611060888 611069537 611069730
100 78 59 15 14
2 1 845777647 854
845707366 845708716
94 84
4 2 174396353 246
174380557 174382047 174388102 174392773
64 59 33 15
10 1 603579779 104
6027503 37249913 88300007 603571234 603572259 603574310 603576388 603576994 603578028 603579399
100 100 100 83 72 52 32 27 16 3
9 2 514587295 893
514509464 514520053 514539125 514540746 514554301 514556864 514578566 514581639 514582250
88 76 54 53 36 35 10 7 6
6 1 706087673 120
706076045 706078273 706081786 706082975 706083989 706087238
97 21 40 18 28 1
8 2 601637240 656
601573924 601590448 601590610 601591389 601603968 601610331 601618617 601632953
100 96 92 87 59 75 72 86
3 3 89124067 307
89094001 89108210 89121608
98 52 9
3 1 504800370 758
504746829 504770089 504775278
74 21 30
7 1 56903493 635
56847742 56854452 56866905 56872597 56887680 56894216 56898268
87 77 57 48 24 14 8
5 1 277958886 467
277921638 277933586 277943614 277947365 277956512
95 16 98 12 4
4 2 900795075 922
900715838 900766111 900780547 900789748
86 32 15 5
2 2 131013379 886
9796117 131003061
100 12
2 2 1000000000 1000
1 999999999
100 1
2 1 837460940 371
51479821 837453877
26 48
4 1 68786288 18
68784523 68784715 68784923 68785286
99 88 75 55
2 1 217102044 445
26247966 47275852
59 46
6 2 733882871 982
304409189 733835424 733838762 733838857 733854667 733870500
24 91 62 83 12 10
5 1 407302535 509
407255380 407256997 407266405 407275038 407300962
93 90 71 55 4
9 3 126422037 214
126402748 126404019 126409552 126412691 126412979 126413520 126414951 126416586 126416795
91 84 59 44 42 40 33 26 25
2 1 538818356 31
538815865 538818202
94 89
