10000
6 52
3 96
10 42
6 67
4 85
6 19
3 21
8 55
10 12
4 59
2 19
10 63
6 89
5 65
8 8
6 66
7 56
2 93
5 74
2 1
3 56
3 56
3 94
2 29
7 75
8 66
4 65
1 53
7 28
4 3
4 86
6 28
10 48
1 14
7 75
1 82
9 46
7 48
5 62
3 51
2 59
6 71
3 69
8 88
10 93
3 55
1 84
3 7
9 57
8 43
4 28
3 4
7 77
7 4
6 40
1 80
3 52
4 13
6 69
9 6
8 45
8 19
10 92
3 81
1 18
4 53
7 54
6 83
4 45
1 46
1 78
2 95
7 60
7 0
6 83
7 92
3 62
9 26
8 2
6 99
3 17
1 67
1 13
1 4
7 99
2 48
3 97
1 77
7 31
5 89
8 35
10 29
2 63
7 32
5 1
9 76
10 77
8 37
8 43
8 57
8 18
3 99
8 34
4 92
1 71
7 12
3 82
9 81
8 38
4 47
2 43
4 5
8 57
2 74
4 59
2 92
3 61
8 33
4 100
9 14
2 1
7 17
9 57
9 13
9 56
4 63
2 72
8 78
3 49
2 94
6 86
1 63
8 1
2 40
1 9
3 64
10 17
6 10
8 58
7 96
3 43
10 58
6 21
10 71
3 100
1 99
5 55
5 27
4 88
8 94
9 99
7 75
7 29
3 66
3 39
5 10
6 55
9 76
3 98
7 73
1 18
3 74
3 13
10 59
6 86
4 51
9 83
10 91
2 11
10 73
1 97
2 18
3 22
8 82
9 100
4 60
3 26
8 37
9 90
2 92
4 77
6 43
10 96
6 10
10 14
3 30
2 84
8 70
5 36
8 52
8 81
9 72
7 47
10 1
4 7
4 54
5 55
5 93
7 44
7 26
10 44
7 38
4 56
8 71
9 72
6 47
9 64
1 33
5 45
1 12
7 20
4 81
10 44
2 50
2 91
4 28
3 5
3 78
8 78
1 47
9 25
5 59
1 42
3 50
6 26
4 34
10 91
7 88
9 81
1 90
1 18
5 53
8 26
4 93
5 68
8 91
5 88
6 5
10 85
4 77
2 25
8 73
2 13
8 52
8 57
1 65
4 8
8 6
5 73
9 35
4 61
3 33
3 56
8 21
8 88
2 28
1 39
6 99
8 83
10 63
4 74
5 21
9 40
9 47
5 19
10 29
2 35
1 76
5 68
10 70
4 57
2 49
6 86
6 42
9 99
7 29
1 45
10 64
3 3
10 41
7 24
3 41
9 28
8 17
9 62
9 92
1 99
9 57
10 6
6 95
9 88
1 14
2 36
4 4
10 27
10 32
5 4
6 71
9 47
9 37
5 80
4 44
3 22
6 94
10 64
10 16
2 67
3 67
5 18
8 9
5 69
1 11
9 66
3 13
1 14
2 55
8 31
5 66
10 54
2 38
9 7
2 53
2 76
7 44
7 33
2 88
5 29
3 56
6 96
2 74
4 60
6 30
4 32
1 73
8 36
4 79
9 67
5 85
9 13
6 29
1 88
1 63
3 2
4 30
1 100
10 48
10 24
8 18
6 96
1 1
5 99
7 90
9 91
1 43
9 95
4 4
5 24
10 44
7 91
1 90
3 93
8 12
8 12
6 65
10 6
1 75
6 22
4 4
4 4
3 37
8 41
8 9
9 98
2 34
7 100
8 10
5 27
8 29
5 76
6 49
8 99
5 70
9 63
1 62
8 89
1 11
2 24
5 46
8 98
6 50
7 25
8 87
4 92
6 93
7 79
4 50
6 5
7 10
2 45
9 86
9 65
10 2
6 97
7 71
2 25
6 4
6 92
7 37
2 84
9 40
7 93
10 68
10 14
1 29
1 50
7 92
7 10
1 21
9 91
1 96
9 78
10 6
2 53
8 53
5 48
10 100
2 41
2 89
7 11
5 63
1 6
4 57
2 54
10 99
2 5
10 66
6 60
1 17
3 47
8 29
8 14
1 43
5 6
3 78
5 93
9 41
9 65
10 25
3 6
8 63
4 27
9 73
3 18
2 97
1 79
5 45
3 14
2 23
4 68
7 10
7 61
7 51
4 74
5 27
9 21
7 99
7 25
1 79
10 40
1 24
10 65
3 46
3 48
8 24
10 42
6 45
9 64
7 9
3 52
5 24
2 64
8 34
8 47
10 53
5 75
1 15
5 49
9 23
8 87
2 80
2 91
1 38
2 59
6 64
9 78
3 28
4 100
1 83
7 20
4 74
5 66
9 29
9 57
8 92
9 80
3 19
3 39
7 53
1 39
10 94
7 83
7 41
2 81
3 82
1 14
5 11
9 2
8 68
2 44
8 84
9 60
1 53
3 19
2 51
1 77
1 84
3 50
10 97
6 82
6 87
1 87
4 73
4 80
3 14
9 91
3 20
7 39
6 42
8 20
1 81
1 61
7 44
3 0
6 45
4 48
7 57
6 84
9 25
6 61
4 95
4 82
1 11
4 42
8 36
7 62
6 89
6 87
6 51
4 59
1 90
2 23
2 35
4 31
10 84
7 51
2 15
8 64
8 28
10 4
7 35
3 6
8 34
8 3
6 20
5 11
9 45
9 3
1 53
8 15
2 65
8 41
4 10
2 69
8 94
10 58
5 51
3 84
8 94
7 96
6 21
8 41
4 45
4 66
8 68
5 57
9 80
4 4
6 59
7 75
9 3
7 58
10 23
2 71
7 82
1 33
6 59
1 40
4 65
6 8
1 76
4 22
3 29
6 41
5 9
7 67
3 60
7 40
2 97
7 11
4 33
4 22
5 4
7 89
9 59
6 13
10 95
6 69
2 87
6 54
8 36
2 67
6 53
4 84
6 99
1 3
6 5
9 14
6 12
7 85
4 50
8 29
3 52
5 6
2 70
1 97
3 45
9 16
6 95
9 96
10 4
3 72
4 50
5 96
6 17
8 31
5 94
10 97
4 5
7 26
4 73
5 14
10 10
2 92
5 79
9 31
8 32
9 98
1 16
5 39
1 23
1 36
2 27
10 74
2 100
4 53
10 49
4 50
1 9
1 41
2 23
3 64
6 55
1 43
8 69
8 98
5 45
3 12
9 15
9 22
10 96
9 66
7 39
1 26
5 32
2 91
2 92
9 78
9 22
4 99
2 56
2 30
2 74
4 25
1 50
10 91
2 68
4 96
10 18
6 71
3 22
4 17
4 81
4 32
10 71
9 61
2 8
4 65
4 14
9 78
5 76
8 47
5 95
1 40
1 55
2 80
5 100
9 6
4 73
3 0
3 56
3 15
9 11
8 70
10 51
2 54
2 79
10 97
7 37
9 99
2 87
6 48
4 36
1 22
7 23
1 22
9 49
8 45
5 3
9 69
1 36
2 49
2 99
1 81
8 37
2 8
6 36
5 86
1 55
9 73
5 10
1 1
3 49
6 75
8 78
10 90
9 25
3 63
2 34
9 68
10 43
6 70
4 60
8 10
2 91
2 77
8 47
9 63
9 72
3 51
9 33
2 24
8 29
6 39
7 3
9 47
4 83
8 60
7 4
6 39
1 6
8 99
9 24
6 49
3 1
10 67
2 23
7 32
1 78
2 72
6 85
1 43
7 33
6 56
4 1
3 83
5 62
7 96
6 1
3 69
5 54
5 36
3 34
9 55
4 23
3 75
3 4
3 99
8 38
8 51
2 77
2 70
8 5
1 33
6 42
7 92
1 41
8 99
10 80
7 76
4 15
8 45
9 95
8 51
4 56
5 20
7 50
7 18
10 24
3 17
7 45
7 51
3 73
1 6
10 1
6 70
5 98
10 58
4 60
1 83
7 77
4 80
9 24
8 55
6 48
4 70
2 54
8 66
3 43
1 83
2 75
3 23
3 31
10 20
10 13
2 64
10 2
1 47
1 34
6 42
2 35
4 64
3 57
2 20
4 40
7 77
2 20
7 65
9 1
10 19
2 90
5 62
4 38
4 77
7 33
5 45
2 61
6 33
1 44
9 2
9 7
2 65
9 30
7 59
5 96
3 99
5 39
5 17
1 42
4 39
5 8
4 28
3 99
8 74
1 29
3 38
3 21
10 26
8 53
6 63
6 59
8 57
3 9
7 13
2 28
3 40
1 26
1 63
3 49
4 25
2 69
3 41
10 31
2 66
10 22
9 3
4 92
9 75
4 70
3 27
7 21
2 77
7 71
9 44
7 15
2 93
2 40
5 46
9 45
3 48
9 23
7 39
1 51
2 12
3 39
6 67
7 37
10 50
8 39
1 73
9 82
2 43
2 100
4 11
1 86
7 22
9 10
7 64
5 18
8 69
6 82
6 82
10 75
4 43
9 7
5 25
7 64
2 38
5 30
5 86
7 70
2 64
5 56
2 22
6 43
7 84
9 12
9 55
1 36
1 55
1 2
4 5
4 57
10 87
10 38
2 94
6 96
4 48
9 76
9 46
4 66
3 96
7 37
1 46
3 29
8 4
1 33
10 73
3 99
9 92
9 99
8 4
2 72
1 98
9 51
8 64
8 45
10 9
2 7
5 89
7 42
6 53
5 36
10 25
9 92
1 95
5 31
10 58
2 2
2 86
10 91
1 15
10 35
7 29
10 3
1 6
1 44
7 70
2 28
7 46
3 26
2 2
3 98
6 62
9 86
6 68
3 39
5 53
9 85
9 44
4 65
4 100
2 39
4 70
6 42
8 18
1 49
3 43
2 30
10 50
3 97
7 89
4 42
2 71
4 22
4 23
6 63
4 4
3 8
1 99
9 7
7 50
6 100
1 94
6 35
8 0
10 8
10 89
10 38
7 43
10 91
10 53
9 42
10 40
5 84
3 82
8 44
10 6
10 38
7 93
6 98
3 72
4 30
8 42
7 27
8 59
2 31
4 52
2 9
9 51
8 54
10 43
1 71
10 49
10 91
9 49
3 28
10 50
1 26
6 74
5 23
5 39
8 43
3 55
9 72
4 20
9 89
5 69
8 98
10 16
8 97
3 43
4 16
8 0
9 84
3 64
7 30
5 36
6 83
1 45
8 28
10 98
6 41
2 30
4 90
6 47
8 37
9 63
5 44
8 26
5 72
7 46
10 17
7 24
2 86
1 87
6 10
9 58
8 78
8 60
2 3
6 79
1 27
9 81
4 48
10 80
10 48
4 11
5 38
8 53
1 27
7 14
4 64
3 88
4 82
8 35
9 40
2 86
10 80
1 32
6 22
5 37
9 43
5 55
1 41
2 35
9 19
10 22
5 19
4 29
2 76
10 65
3 97
1 53
7 76
10 69
6 17
2 88
8 23
6 3
6 70
10 6
4 100
1 21
1 63
1 11
4 4
3 88
8 51
1 19
7 40
6 30
10 5
5 17
10 58
2 0
5 20
2 71
2 16
9 49
4 9
10 1
5 96
3 63
4 47
7 64
5 54
10 79
10 36
2 63
10 45
8 18
8 93
5 91
3 28
6 69
2 59
2 80
9 68
5 82
9 38
8 76
9 93
7 80
3 7
5 52
10 86
3 26
1 87
4 38
4 25
6 84
3 55
9 64
8 54
6 34
7 86
2 48
10 35
5 64
7 6
10 72
5 97
1 52
9 0
6 100
2 18
1 77
10 86
2 99
10 96
5 18
1 7
6 96
2 18
8 17
10 94
1 35
9 98
6 94
1 48
3 4
9 55
3 18
3 87
5 9
2 56
9 9
3 60
9 82
3 4
2 20
5 18
1 10
7 34
4 37
1 82
6 40
2 98
9 23
5 81
7 63
5 34
10 78
9 21
6 55
8 75
5 38
2 1
9 57
10 68
10 27
1 13
3 15
9 31
2 44
4 13
4 48
4 7
4 8
8 24
4 66
3 73
8 51
6 51
9 100
9 56
1 54
8 66
8 11
5 96
2 35
8 76
4 50
3 40
9 33
6 55
2 71
5 33
2 22
9 44
7 69
10 29
5 11
3 65
10 81
1 11
8 18
1 86
3 16
4 47
7 10
10 80
3 64
8 34
7 62
2 6
7 53
7 65
10 16
9 84
2 54
3 35
3 84
6 26
8 43
9 49
10 44
4 76
6 90
10 91
5 18
8 29
7 41
10 64
1 97
10 1
3 2
10 76
8 95
10 83
7 6
6 72
1 67
4 45
3 42
4 98
5 73
8 67
9 54
10 63
8 42
5 60
2 95
1 47
1 91
6 42
7 5
10 0
1 76
3 40
3 31
2 27
8 37
4 24
5 62
6 75
2 68
5 33
6 87
1 84
6 4
9 65
10 91
2 98
8 85
2 70
10 21
1 27
4 23
1 97
6 77
3 25
3 47
1 54
10 12
9 76
7 39
6 22
4 6
7 49
10 51
6 18
3 94
1 24
1 64
8 76
3 19
5 96
1 68
5 49
8 34
3 69
4 42
9 67
2 80
7 32
1 68
4 76
7 78
5 4
10 8
8 75
5 22
9 38
3 87
2 42
7 56
2 24
9 59
4 15
4 19
2 14
1 21
1 62
6 31
2 35
3 7
6 16
3 54
4 50
1 78
5 7
1 4
2 29
10 70
3 63
10 59
10 23
10 37
5 59
9 55
8 25
9 90
5 43
4 3
4 14
3 90
9 61
4 28
5 69
3 96
4 33
9 34
7 66
10 15
9 100
5 63
5 90
9 55
2 92
8 56
10 69
3 30
5 41
10 88
10 19
5 10
3 97
4 64
10 56
9 81
2 70
5 78
3 10
3 7
5 92
10 8
8 32
6 55
8 17
6 21
4 48
7 49
4 100
6 53
3 43
3 87
9 79
7 62
8 10
2 62
5 61
1 67
1 22
3 29
6 96
8 96
6 86
5 57
9 4
6 44
1 93
10 8
8 77
7 40
8 74
6 41
9 78
2 7
5 19
4 34
1 1
8 7
5 87
3 62
2 50
9 18
8 38
7 64
9 39
4 30
10 79
3 28
6 36
5 61
6 38
10 44
5 96
7 57
9 40
4 15
5 71
3 87
7 18
6 82
1 10
10 18
1 51
3 63
3 28
6 91
6 76
6 62
5 77
3 12
10 93
3 87
10 97
2 37
9 83
6 59
6 48
4 59
2 46
8 45
1 78
2 94
7 46
6 84
10 20
5 71
2 86
3 10
6 9
6 71
3 1
7 0
6 3
7 47
3 94
1 23
5 27
5 54
3 12
7 18
5 81
1 47
7 57
7 89
1 39
8 31
8 12
1 82
9 98
10 74
8 24
6 14
1 66
7 27
7 78
10 22
4 52
10 64
2 54
8 47
7 45
6 5
5 39
5 28
10 19
2 80
6 3
3 35
1 97
2 46
5 33
7 0
7 74
6 3
8 72
3 78
7 50
9 60
9 87
7 50
9 88
7 59
1 23
4 78
5 18
4 19
7 54
9 41
8 35
4 22
2 42
10 34
7 57
1 16
2 91
4 12
1 96
3 82
10 3
5 58
6 32
3 84
10 30
4 46
9 9
1 55
10 59
6 4
3 11
5 44
6 7
7 76
4 5
10 28
5 13
5 86
5 79
5 46
3 53
2 54
1 66
7 73
1 71
1 21
3 53
6 26
7 94
10 58
1 62
4 92
9 96
1 42
4 5
5 9
9 19
6 62
8 26
10 55
6 97
6 94
1 43
3 29
6 55
7 87
2 90
8 22
5 15
4 28
5 11
2 95
10 67
7 44
8 91
8 97
4 83
4 84
7 14
2 5
8 1
8 24
3 39
2 53
5 33
7 1
2 9
8 91
6 27
9 58
8 18
2 82
8 12
6 68
2 72
10 48
7 95
1 21
2 69
7 45
5 4
3 90
5 49
6 10
4 37
3 88
5 44
4 3
5 41
7 45
8 13
4 85
7 8
1 58
2 51
7 50
2 46
5 10
6 23
9 73
2 12
4 11
4 2
4 91
6 18
4 19
9 1
6 5
4 74
3 23
1 87
5 55
8 90
2 14
5 66
9 36
8 6
10 79
2 82
2 59
9 16
6 51
8 40
4 90
2 70
5 5
6 52
1 71
2 14
10 29
4 83
7 19
1 82
2 77
7 64
1 22
6 51
4 24
8 14
2 84
8 84
4 14
9 11
3 28
9 18
5 8
8 12
10 87
3 80
9 66
5 41
8 24
4 81
9 16
3 59
1 13
5 33
7 73
8 61
8 75
6 69
4 51
9 32
1 64
4 37
2 60
8 12
6 44
5 45
10 48
9 62
4 39
1 49
9 100
3 24
9 19
10 57
6 7
8 82
9 58
1 28
6 95
6 21
5 50
5 54
3 33
2 1
2 76
2 58
9 47
9 99
4 23
5 96
1 27
3 7
1 84
6 90
5 66
6 42
2 11
2 92
7 18
5 62
8 89
2 76
4 63
8 47
7 72
9 99
2 14
4 9
5 97
6 57
2 47
1 38
1 37
6 40
3 75
9 85
8 58
5 24
4 27
7 47
1 35
9 15
5 1
4 26
3 8
5 67
8 84
8 7
2 87
6 22
9 67
7 50
5 13
8 0
4 14
9 69
6 65
10 46
1 28
10 18
5 56
7 69
9 35
7 27
7 48
6 9
4 49
2 3
7 15
1 68
1 8
7 58
7 79
4 24
4 1
4 28
6 25
6 27
10 6
7 87
10 73
7 23
4 100
8 19
6 6
3 71
6 56
4 3
1 58
5 65
1 15
2 2
5 67
3 21
2 60
7 48
1 11
8 52
2 32
4 57
3 20
4 21
5 82
5 42
7 72
5 52
3 100
7 93
9 27
8 83
10 62
10 84
3 23
3 94
3 61
7 56
9 76
10 66
4 6
4 29
9 6
1 29
10 24
6 32
5 97
1 12
9 25
7 62
1 52
4 45
5 96
5 46
1 63
10 21
7 52
2 59
7 82
5 85
8 71
4 85
6 31
4 45
4 51
8 69
7 4
2 79
5 21
4 47
6 84
7 2
10 26
10 83
5 41
1 1
4 48
3 36
4 82
7 20
3 91
5 37
3 46
5 60
9 13
6 46
7 48
3 70
5 32
2 12
4 32
8 28
8 17
5 23
7 84
10 53
10 40
8 98
1 73
3 36
9 31
10 70
2 85
6 48
7 50
7 32
10 37
10 95
3 64
8 92
3 26
9 93
5 71
1 82
4 43
7 58
2 41
10 32
2 29
1 21
2 97
8 93
9 56
5 34
5 41
6 39
4 1
7 78
8 44
4 14
8 1
10 22
6 81
6 43
3 88
4 10
5 10
3 99
3 12
4 92
3 38
1 16
1 98
8 75
8 94
8 68
5 84
4 56
10 25
5 88
7 52
3 5
6 51
7 46
5 53
4 11
7 26
4 31
4 76
8 12
7 16
2 20
7 26
8 11
10 74
1 0
5 63
6 53
8 98
7 98
10 47
1 68
9 93
6 96
8 72
9 52
5 66
3 82
5 92
3 48
8 55
3 93
2 96
6 100
10 87
4 56
9 46
10 2
9 91
3 95
1 43
10 62
10 71
10 91
3 11
4 12
8 47
4 64
1 43
2 93
4 58
9 4
8 36
7 97
3 0
6 22
9 71
5 78
7 36
7 35
1 66
8 76
8 52
6 85
8 72
7 25
2 36
9 19
2 64
3 14
8 72
1 95
9 72
9 6
2 41
9 18
8 21
10 37
5 99
10 29
10 57
8 23
1 8
7 58
10 36
9 78
10 11
6 68
3 36
6 42
3 79
1 84
5 24
2 12
7 15
4 11
10 85
9 74
9 76
1 20
3 65
9 19
1 49
6 68
7 96
3 3
10 6
7 28
7 0
7 11
9 75
10 35
9 66
3 78
2 30
4 39
9 33
8 3
3 14
9 32
2 35
8 76
4 19
4 95
7 79
4 41
5 59
4 84
3 48
8 57
2 20
4 92
3 28
9 62
5 75
9 98
3 68
8 8
8 51
10 21
1 79
2 89
7 3
7 46
8 29
5 29
7 84
2 98
9 45
7 1
10 91
1 100
1 7
1 25
2 87
4 16
3 49
4 52
1 15
10 68
5 35
6 65
9 30
6 74
9 16
9 69
10 18
2 48
6 29
7 97
6 41
4 60
5 77
1 40
1 40
5 94
9 64
9 10
7 47
6 44
2 36
8 2
7 28
3 67
8 80
2 72
5 16
9 51
7 34
7 8
6 6
2 35
3 80
7 95
7 8
6 17
3 67
8 46
5 48
6 85
8 100
6 15
1 31
4 34
6 85
9 86
6 6
5 50
4 19
8 3
6 95
6 16
8 81
1 17
9 24
1 12
6 16
1 93
10 50
5 11
6 46
3 71
1 46
8 42
4 24
7 58
6 79
10 91
1 66
2 49
2 69
7 96
5 66
4 2
2 0
5 73
7 7
2 43
4 43
7 52
4 27
3 6
5 40
5 31
2 49
6 64
7 12
10 28
9 51
10 79
2 48
8 20
5 78
3 14
1 52
9 92
5 44
1 68
5 34
3 59
10 84
7 96
7 39
10 19
1 91
9 13
5 58
7 6
7 66
5 47
5 65
7 75
5 52
8 67
4 100
2 55
4 52
1 41
3 7
10 80
5 9
9 17
9 10
1 11
8 96
8 73
1 43
2 51
5 53
6 91
8 78
7 27
8 57
9 79
3 74
10 78
1 17
10 3
3 47
3 98
6 99
2 45
2 67
3 14
6 70
10 1
8 12
3 57
10 54
5 0
6 39
6 29
4 41
5 20
10 58
4 67
7 29
6 25
8 3
4 41
4 15
1 98
7 87
7 7
3 51
1 31
8 60
4 75
9 59
2 76
8 68
5 1
2 48
9 92
10 77
1 97
1 52
10 2
5 49
3 69
3 58
2 35
7 37
7 92
7 1
9 63
6 100
7 18
2 29
5 87
1 35
6 77
6 63
6 97
5 98
1 32
3 27
2 62
3 6
2 97
6 2
3 30
4 22
3 42
2 100
6 0
8 99
8 66
6 34
7 16
3 56
9 64
1 89
10 76
4 52
7 32
2 29
4 27
9 68
6 1
4 33
10 2
8 30
1 33
1 71
9 0
3 44
3 72
4 76
4 59
6 50
6 9
4 2
6 51
5 83
10 98
7 60
5 19
5 19
3 27
9 95
4 64
4 69
8 90
7 71
2 43
3 41
3 22
7 40
6 69
4 78
6 66
1 24
10 52
5 50
2 7
9 77
5 28
8 29
6 42
3 9
9 31
3 16
9 77
2 37
3 18
1 45
7 100
3 81
4 58
4 68
8 60
8 66
4 59
2 25
5 82
10 40
4 93
2 85
7 67
1 19
9 61
6 10
3 34
1 75
9 95
4 6
3 14
4 0
2 25
5 35
10 89
5 49
2 45
5 78
3 68
7 39
8 36
3 50
9 8
6 17
2 42
1 96
3 1
5 16
9 68
10 19
10 95
1 44
9 31
4 56
9 95
5 89
6 89
7 7
1 8
3 44
7 54
5 11
1 44
7 10
7 47
1 11
1 35
9 13
3 87
8 55
2 16
9 79
2 93
6 64
4 84
5 51
3 47
3 36
7 66
4 48
7 8
8 41
9 66
4 79
4 99
7 79
7 97
6 40
2 91
2 30
1 17
9 41
8 40
4 34
10 83
9 32
6 73
2 17
3 4
2 82
2 84
7 45
2 16
6 66
8 2
2 60
6 24
8 17
10 28
10 98
2 39
10 66
7 35
5 43
9 33
8 100
4 97
3 22
7 13
2 29
2 96
7 60
1 0
7 84
6 43
3 3
5 37
4 2
5 2
3 92
10 53
1 64
8 48
10 61
5 3
3 95
6 42
7 44
3 49
5 77
9 16
5 83
4 61
1 96
5 26
4 52
6 29
7 69
4 67
4 92
8 88
7 74
4 95
10 10
1 0
1 20
9 66
4 27
5 14
2 51
1 29
10 69
7 14
1 61
8 80
3 69
8 38
1 35
6 46
8 23
5 7
5 25
1 20
9 95
6 60
1 41
6 47
7 74
4 18
7 90
10 1
1 18
9 97
6 11
9 82
7 70
3 52
3 4
4 28
3 43
8 86
5 38
5 31
4 87
1 17
8 89
9 94
4 90
6 9
7 48
7 88
3 26
5 60
6 37
6 73
8 39
3 22
10 89
1 84
8 88
4 92
5 8
1 67
8 30
5 74
2 21
7 56
3 69
1 19
1 17
3 58
8 32
7 3
4 92
8 37
1 65
7 51
2 33
10 67
8 62
7 0
3 31
4 73
5 30
9 61
10 5
3 35
5 100
5 49
10 95
9 21
9 55
4 85
1 0
8 97
1 3
7 64
7 82
2 90
5 66
3 94
2 93
10 33
9 36
7 50
7 60
10 51
10 59
4 29
2 45
6 55
6 36
3 99
6 27
5 99
6 14
4 2
8 2
8 6
1 35
3 11
2 58
7 18
9 78
4 90
1 70
3 87
1 0
7 55
9 33
5 71
6 93
7 19
1 40
3 80
9 23
9 67
10 10
2 99
9 78
4 13
9 50
6 61
6 22
4 46
10 75
8 12
8 45
9 57
3 57
8 82
10 93
7 22
10 77
8 49
4 78
9 94
9 26
2 81
2 59
9 63
1 76
8 57
1 48
9 38
10 36
3 23
7 75
2 47
6 94
1 70
6 32
3 63
5 61
3 64
9 3
1 99
4 86
10 30
4 87
4 99
9 22
8 73
9 58
9 17
7 25
2 71
9 84
10 87
10 69
7 89
10 82
3 77
7 76
4 34
7 21
8 76
9 56
7 79
2 35
4 5
5 2
7 82
2 35
2 99
2 15
3 24
2 95
8 57
7 15
1 47
7 14
2 73
2 38
7 4
5 85
9 71
7 40
4 73
2 23
8 91
4 71
9 3
8 94
4 62
6 45
9 57
9 43
5 74
10 66
8 94
4 60
1 47
5 56
5 28
6 67
9 19
10 39
8 58
4 12
2 39
7 14
7 18
2 9
1 86
3 51
10 71
2 5
1 22
10 7
4 59
3 1
10 80
3 19
8 94
8 71
5 95
2 57
9 31
6 18
1 31
6 44
5 90
1 71
10 30
4 82
4 75
7 26
10 44
5 78
1 64
3 22
2 68
9 0
7 93
8 19
1 39
3 44
10 92
5 13
1 92
10 21
1 54
9 54
6 13
1 4
10 76
9 90
6 0
6 68
2 54
10 90
9 85
4 82
3 15
7 61
9 10
7 75
4 79
2 62
7 86
8 0
6 55
5 56
10 5
3 94
3 79
5 42
2 89
1 8
5 31
10 80
4 87
10 80
10 5
1 18
10 90
9 56
1 37
3 68
9 13
1 83
7 28
1 58
9 8
7 21
10 87
9 5
1 83
9 96
2 27
6 4
8 35
6 79
4 81
7 42
7 95
4 47
4 43
2 37
9 76
7 29
8 47
9 59
1 95
8 6
8 23
10 65
7 13
3 35
2 50
5 61
5 10
2 35
2 62
10 49
3 42
2 69
9 76
6 74
4 82
1 20
10 12
2 23
9 63
8 61
7 85
5 62
8 100
3 47
2 86
7 55
6 75
9 77
3 0
6 28
6 93
6 9
9 89
2 27
7 49
10 80
10 6
7 40
5 78
1 54
7 88
7 43
4 69
3 86
8 67
3 13
6 24
7 61
6 29
1 27
6 27
9 54
2 56
2 88
1 10
5 60
3 6
8 91
6 62
6 95
5 62
1 33
9 6
3 21
7 93
7 1
2 30
3 77
6 55
5 56
5 5
3 23
4 57
1 83
6 76
8 84
10 65
10 44
5 25
1 8
5 33
4 29
1 93
6 86
5 39
10 84
2 57
7 68
1 69
6 33
3 19
7 74
8 91
9 90
5 52
7 100
1 59
7 12
7 29
6 72
5 58
3 80
10 28
5 17
6 93
9 42
1 28
6 38
10 86
3 16
3 59
9 47
8 24
4 16
6 1
4 67
7 60
7 41
5 11
5 23
2 50
7 28
5 7
6 41
1 100
9 51
6 99
7 47
9 44
1 69
2 91
8 63
8 37
4 79
3 60
4 57
1 95
10 62
9 16
6 41
1 49
9 28
4 30
7 62
2 33
8 82
8 100
1 87
10 43
6 45
9 68
5 30
8 50
10 96
2 50
8 68
8 67
1 45
10 95
6 44
5 60
1 4
5 19
7 2
7 27
10 27
5 99
10 77
9 4
8 43
7 52
7 89
2 70
4 67
9 36
5 96
10 0
6 38
10 99
3 17
8 24
10 80
8 62
10 81
2 23
7 46
5 18
1 31
2 90
10 79
1 96
8 16
7 88
3 92
2 63
7 33
10 31
7 98
8 30
7 100
4 15
9 66
2 58
9 34
9 42
9 55
8 79
9 51
1 96
1 57
3 9
10 44
4 44
3 81
7 40
3 41
5 76
8 22
10 0
3 37
6 18
4 11
10 11
1 57
3 64
6 9
7 5
5 46
3 34
5 92
1 89
1 29
4 43
2 5
3 77
2 29
4 42
7 39
2 40
5 23
10 30
5 96
2 62
1 78
4 65
10 42
9 33
9 1
5 22
7 50
5 99
6 42
9 99
4 5
8 99
2 97
3 97
8 5
5 51
6 33
1 8
3 91
4 48
2 8
1 53
1 3
5 5
6 85
7 18
2 89
3 59
6 90
4 57
3 33
2 25
6 32
3 42
7 43
9 56
7 6
5 33
1 3
9 81
2 67
8 33
3 97
7 41
10 7
1 92
6 40
6 64
1 67
5 94
2 8
10 69
5 89
5 10
10 56
10 24
9 68
7 64
2 37
9 79
7 92
8 56
3 56
5 46
10 30
9 12
2 77
3 58
3 9
1 6
5 32
2 45
10 9
8 75
8 51
4 53
7 39
10 31
7 84
10 21
10 88
3 83
1 72
7 25
4 76
7 18
2 52
7 90
4 34
7 99
7 37
5 93
7 39
1 68
1 40
10 47
7 79
1 37
7 45
2 38
4 84
4 9
2 56
9 84
3 80
5 100
3 91
3 50
7 99
10 29
8 27
2 44
9 5
2 88
6 99
4 54
9 32
9 93
3 91
6 14
1 42
8 68
10 16
1 51
7 56
9 20
2 95
2 18
5 93
4 39
5 57
3 47
4 16
1 83
3 32
5 48
5 17
10 27
1 47
6 83
7 75
4 49
1 40
1 65
4 99
7 20
8 8
1 11
1 83
2 43
5 62
6 84
7 65
10 82
7 30
10 28
7 29
10 45
6 23
5 64
2 89
10 95
2 10
2 55
1 9
9 19
2 73
1 65
6 55
9 50
3 96
5 21
2 99
5 6
4 24
10 25
2 14
3 51
8 88
10 96
5 72
2 27
2 73
8 33
6 84
8 68
9 13
10 33
2 30
6 94
9 24
5 89
6 81
1 92
3 43
1 14
2 19
3 38
2 13
7 82
3 47
8 65
8 1
3 31
1 52
6 9
10 39
2 79
6 63
7 9
7 80
8 49
1 67
5 91
10 51
7 82
8 15
4 30
6 26
1 86
4 14
10 46
2 12
6 69
1 66
9 40
5 36
2 41
1 92
5 88
2 37
3 90
4 13
10 74
6 41
8 63
5 12
3 37
1 12
10 78
4 96
4 25
9 42
3 92
1 89
5 47
9 98
4 86
2 0
6 7
6 48
7 89
9 59
2 88
7 93
8 47
2 29
4 91
9 93
5 72
2 20
4 20
10 69
10 46
8 15
8 20
5 72
7 27
1 64
8 22
3 52
4 54
4 59
9 45
6 35
10 34
1 61
9 91
3 99
6 63
3 69
3 22
4 56
4 31
10 37
9 96
9 70
9 31
7 69
1 83
5 2
4 57
5 95
9 20
2 84
4 99
4 32
1 14
9 83
9 5
1 16
1 95
4 85
6 40
3 14
5 34
1 28
3 68
8 49
3 54
2 6
6 98
3 61
5 30
8 80
2 2
8 7
4 14
9 52
1 89
6 46
9 20
6 42
1 36
4 40
1 71
6 1
9 94
6 38
1 12
10 28
8 43
9 17
4 97
2 31
7 8
1 71
8 71
10 16
4 98
2 18
3 86
4 14
8 47
5 56
8 57
8 6
9 19
3 58
7 14
3 23
2 6
9 95
1 31
2 73
7 95
2 89
9 79
4 0
1 55
1 67
9 95
4 81
4 25
10 28
2 14
4 88
6 14
8 48
4 50
10 96
6 44
3 17
10 35
6 48
8 32
6 54
6 59
7 84
6 41
8 26
9 75
5 71
1 62
3 9
8 79
10 16
3 56
4 99
9 40
1 23
7 18
7 29
9 36
7 49
4 36
8 22
8 19
3 88
6 27
5 25
8 100
6 76
7 54
1 59
1 7
3 90
10 55
3 40
4 69
5 8
5 3
2 25
4 1
9 42
8 31
5 77
1 17
4 13
10 81
10 68
4 83
3 50
1 44
8 82
1 77
1 82
1 23
3 79
5 64
8 90
1 78
8 74
10 6
3 85
8 72
9 94
6 84
4 92
8 47
2 42
6 11
7 87
10 25
6 96
4 43
9 0
6 96
6 18
9 60
1 96
2 85
10 49
3 77
5 45
6 16
9 64
6 78
9 77
5 74
5 36
1 74
1 93
7 15
3 92
10 45
5 98
7 26
5 51
5 61
10 6
7 20
5 31
7 81
4 14
7 81
1 24
3 36
10 12
10 13
6 13
2 42
1 62
7 75
10 78
5 24
6 88
5 76
9 48
2 39
9 41
1 97
4 43
2 35
2 47
4 17
4 58
8 32
9 71
5 36
6 43
9 49
8 4
1 40
8 34
6 69
10 12
9 65
9 95
10 11
1 42
10 66
7 7
6 36
8 16
10 78
1 98
7 84
7 68
6 94
2 87
7 12
9 3
4 94
10 3
4 22
1 80
10 9
6 27
10 55
7 17
7 56
4 44
10 69
5 25
7 24
7 49
5 34
5 47
7 13
9 54
5 91
6 51
5 87
9 79
3 99
6 6
1 38
3 61
1 90
1 89
1 68
9 39
1 49
8 71
6 22
1 12
9 66
5 82
1 71
5 80
3 32
9 33
4 94
9 40
7 72
4 14
9 17
9 80
2 14
6 34
1 92
8 3
3 25
7 41
7 63
10 36
6 68
9 64
5 90
4 98
8 46
7 24
10 2
10 66
3 26
1 33
1 8
6 87
3 99
3 31
8 94
9 39
9 1
7 27
1 28
4 67
2 50
2 26
10 60
5 53
10 38
9 97
2 42
7 59
5 98
2 1
3 5
4 15
2 12
9 11
3 60
6 32
6 28
8 67
6 94
10 64
2 38
4 96
8 58
6 64
3 82
6 31
7 50
7 50
1 26
4 56
1 48
6 6
9 20
9 99
3 52
10 100
7 36
5 100
1 77
7 45
8 2
6 80
8 38
2 98
7 81
1 57
4 99
1 39
9 48
6 60
5 3
6 13
4 8
4 14
6 38
1 63
7 19
6 29
2 65
7 12
9 62
9 78
3 7
1 56
10 36
1 15
3 52
4 12
1 78
2 12
9 93
10 18
8 92
10 31
6 23
2 92
7 67
10 74
4 67
1 9
1 74
3 96
8 50
1 63
9 78
4 31
9 73
6 1
2 72
2 27
10 69
10 30
2 42
3 88
2 71
9 83
7 72
10 49
5 72
5 72
9 10
9 22
6 11
3 81
4 0
5 100
10 81
3 38
4 85
9 1
2 60
3 68
10 86
5 87
8 26
10 46
5 19
9 74
3 32
8 79
3 27
2 62
7 67
2 9
3 27
1 15
4 62
8 76
9 68
8 90
2 84
3 88
2 51
7 38
1 67
4 72
5 45
6 39
5 62
6 21
8 55
5 91
9 55
3 16
3 10
3 29
8 98
8 90
4 30
9 94
5 11
9 84
5 27
4 71
10 63
3 4
8 31
5 5
6 95
6 41
3 77
8 53
5 34
2 31
5 64
4 23
8 9
6 89
7 0
5 92
5 54
5 7
1 57
4 38
10 10
7 39
10 40
6 46
2 69
9 49
2 2
1 87
4 19
10 46
5 16
8 55
1 97
3 61
3 29
1 83
4 47
7 10
1 45
5 37
8 29
9 83
8 71
2 91
4 87
9 26
2 92
8 70
1 81
7 47
1 16
10 89
6 59
1 98
3 3
2 39
1 58
2 6
8 83
3 4
3 59
7 57
3 41
10 17
8 13
9 46
5 91
2 10
1 30
9 5
6 56
4 89
5 61
5 92
6 80
9 100
5 86
10 41
8 23
2 74
2 19
1 72
5 67
4 42
6 69
9 58
2 86
3 83
4 89
5 1
8 51
8 39
9 12
2 67
10 42
4 66
8 90
7 90
9 36
10 38
7 86
2 2
9 31
7 54
6 46
5 9
9 70
9 10
9 52
3 4
2 62
2 64
3 13
4 53
2 13
8 5
4 96
4 65
7 0
1 88
2 94
3 0
1 25
7 95
9 38
4 64
6 45
6 76
1 46
4 86
4 35
10 34
7 97
5 1
1 35
9 1
3 54
7 91
4 39
5 61
8 50
5 54
9 23
8 53
5 58
2 78
7 35
6 93
3 92
4 19
5 23
7 71
8 1
6 59
1 44
2 36
1 63
1 57
4 63
4 95
1 63
1 4
3 18
8 22
6 38
4 50
10 37
1 56
5 1
3 58
6 40
2 43
8 90
6 93
4 6
8 43
1 1
7 64
6 23
6 80
6 57
3 43
8 91
2 80
2 40
1 32
9 28
9 1
9 88
3 0
9 71
3 0
10 28
8 65
3 34
10 23
9 57
3 45
10 86
7 30
10 33
8 76
9 61
9 72
3 52
7 2
4 56
2 97
3 1
6 22
9 28
1 79
9 52
9 26
2 13
9 8
10 8
6 97
2 15
2 78
2 38
1 67
2 62
8 79
6 44
9 35
4 73
9 63
6 44
4 72
5 64
4 86
10 93
1 88
7 5
4 26
1 50
6 57
2 33
6 48
4 5
2 84
6 7
1 70
10 35
4 11
7 94
10 19
5 66
10 22
3 51
4 14
8 38
4 62
6 61
10 84
1 15
4 42
2 5
3 41
10 31
10 92
7 94
1 44
2 82
8 90
9 89
4 73
1 32
1 94
5 43
5 86
3 10
3 68
4 62
10 66
5 41
5 14
6 84
6 58
3 88
6 73
9 61
10 37
5 40
9 6
4 80
5 17
3 82
2 36
3 26
1 91
3 55
4 81
5 16
5 95
8 63
4 27
5 75
5 44
2 80
9 97
2 74
4 4
9 39
10 0
7 69
6 67
9 9
1 80
5 43
2 50
8 53
7 1
9 8
1 85
6 18
9 10
9 57
2 46
5 88
6 89
2 22
7 5
9 45
4 64
9 20
2 22
9 54
6 48
5 83
6 65
7 97
9 65
9 43
7 12
4 55
9 68
2 41
9 39
8 25
5 21
10 18
7 91
9 12
8 71
1 3
8 71
9 43
2 52
10 79
6 66
2 71
9 31
10 90
10 92
8 35
10 22
9 78
3 51
5 97
5 64
6 85
6 94
3 67
2 84
1 84
10 7
7 42
2 12
5 35
2 95
3 27
3 41
4 13
7 96
9 35
2 54
9 28
1 94
1 22
6 47
9 78
7 69
4 56
6 42
10 66
4 16
4 82
4 66
5 28
9 20
5 68
8 69
6 23
9 99
6 2
6 21
8 25
2 20
7 71
8 44
10 15
7 59
7 34
9 6
2 5
2 54
4 5
3 18
4 29
4 97
8 38
6 8
8 91
1 77
5 87
2 93
7 21
8 16
7 92
3 76
1 35
8 2
8 45
8 57
3 98
3 36
4 74
6 2
8 11
4 7
1 5
2 84
2 4
5 95
7 10
8 33
9 96
5 24
6 74
7 94
2 67
7 67
5 27
8 9
1 53
5 63
10 57
6 76
4 22
7 86
9 73
9 92
4 92
5 4
8 58
6 49
4 8
4 73
5 96
3 27
1 62
4 51
6 73
4 92
7 16
10 40
6 23
5 30
9 16
3 50
8 27
6 70
3 19
8 52
5 70
5 27
3 95
7 14
7 54
10 62
5 26
3 99
2 49
8 11
7 24
10 77
10 69
6 99
10 61
5 92
7 0
7 33
3 99
3 28
1 38
2 10
10 66
5 26
5 93
10 9
4 1
1 37
1 51
8 41
9 51
6 55
9 20
10 69
9 86
6 68
1 88
2 79
7 20
9 87
4 9
4 45
1 99
5 23
8 9
8 91
9 7
6 80
2 57
2 49
2 53
5 15
3 28
5 48
7 94
8 86
7 32
4 92
9 89
1 24
1 76
6 39
4 35
9 25
10 2
3 60
9 39
2 49
5 73
7 77
1 10
8 16
2 38
5 76
3 72
9 18
2 72
4 58
3 36
6 56
9 19
10 25
3 87
4 14
5 81
2 19
2 34
5 65
5 77
1 91
4 75
3 78
7 43
1 47
10 34
7 79
2 39
1 58
8 29
2 37
2 92
7 29
4 58
2 69
8 74
6 26
3 70
10 40
8 20
8 88
10 53
8 92
6 0
10 51
3 55
9 7
5 34
7 1
4 5
9 7
5 77
10 9
1 77
10 77
5 11
3 92
10 33
5 94
3 57
4 66
8 100
10 37
2 93
10 14
8 11
1 0
8 84
6 4
5 14
1 89
2 71
9 75
2 81
7 34
2 41
4 90
8 100
8 74
7 71
2 38
5 40
4 57
1 71
9 62
8 100
4 17
3 67
2 72
5 74
10 92
2 19
9 29
2 86
10 88
4 57
1 7
3 96
1 2
3 93
7 56
7 8
9 96
10 87
1 96
5 65
1 51
2 31
2 68
10 25
3 53
3 42
4 45
1 17
10 82
8 7
5 18
9 96
5 36
6 78
10 57
1 41
3 81
5 87
5 44
2 21
2 93
3 99
4 81
2 67
4 4
7 18
6 54
10 72
10 55
10 12
10 72
10 4
10 50
3 48
2 27
6 38
2 64
8 52
9 41
10 6
3 22
3 86
10 96
3 19
9 88
10 68
4 43
2 76
6 10
8 99
4 1
2 97
8 53
5 78
7 91
6 43
5 33
3 19
4 51
7 64
5 19
8 65
6 18
5 17
7 25
5 61
6 37
5 76
9 47
2 99
10 26
5 99
10 24
3 42
5 89
9 95
2 51
6 7
5 15
2 65
10 20
4 35
7 16
1 38
10 13
5 50
6 47
2 26
10 55
6 35
7 15
9 11
9 48
8 1
8 72
4 65
9 96
8 82
4 14
6 10
5 66
2 38
7 45
6 44
8 55
1 80
5 84
5 84
5 97
8 2
4 55
3 5
2 49
2 16
6 72
1 51
10 87
7 52
8 64
8 2
1 46
5 63
10 70
6 98
9 87
2 36
9 9
5 92
2 2
7 57
9 81
2 75
1 36
9 74
10 21
5 54
8 94
10 44
9 59
6 68
9 41
4 12
4 17
5 23
7 63
9 25
10 23
7 59
10 51
2 81
1 95
4 33
1 16
2 43
4 32
10 85
8 81
8 77
4 78
7 99
10 15
8 5
2 3
8 63
4 52
3 26
10 81
2 45
7 74
9 90
2 32
4 0
1 47
1 64
6 87
10 1
5 78
3 23
6 59
8 2
3 85
8 7
10 3
4 13
1 89
4 39
1 68
3 44
4 25
10 2
1 91
3 61
5 69
8 58
10 30
8 97
8 30
5 13
8 63
3 35
8 50
3 21
6 49
2 12
9 5
2 38
4 31
2 26
2 86
4 48
10 43
9 81
5 16
10 58
7 57
8 70
10 17
4 40
2 12
4 45
1 4
3 22
8 66
4 64
9 15
3 88
10 6
3 17
8 0
10 73
5 19
7 50
10 33
7 51
1 95
7 15
7 39
7 6
4 64
1 11
10 39
4 46
1 1
2 52
8 61
5 57
6 62
5 15
2 63
4 2
1 54
9 31
5 87
4 96
10 5
9 46
5 34
7 16
6 57
3 37
3 61
3 12
6 15
7 50
6 15
6 32
9 35
8 54
1 51
9 85
8 57
2 3
2 24
6 37
4 30
4 8
3 99
9 14
2 31
1 18
7 35
2 43
10 12
1 61
6 54
5 51
7 82
8 97
1 81
5 35
8 93
6 56
9 90
4 74
8 73
3 45
10 22
3 4
2 45
10 5
4 65
2 2
6 88
5 99
9 68
4 9
4 60
8 52
9 96
4 75
9 100
1 100
10 46
10 49
10 62
3 95
1 94
5 30
3 35
9 60
1 49
8 86
2 23
9 73
2 76
5 48
5 39
1 66
9 11
5 74
5 21
5 90
6 81
3 39
7 57
4 28
1 6
8 71
9 31
6 72
8 52
5 98
5 28
1 27
5 49
10 68
1 62
6 33
4 89
7 85
7 19
5 29
10 62
8 65
1 90
1 18
9 38
6 45
1 7
10 39
5 39
1 43
9 6
4 86
2 34
8 23
3 19
6 80
9 55
8 100
7 58
10 8
2 84
4 64
6 87
4 38
3 30
5 16
4 23
2 5
8 4
3 3
2 56
7 97
5 64
1 36
6 24
3 26
3 71
6 43
3 35
6 80
3 4
6 39
6 70
8 19
2 96
4 17
6 95
7 46
4 82
10 74
10 42
1 49
8 84
1 47
1 42
10 35
9 27
5 75
1 41
8 32
10 69
4 78
7 65
5 38
10 67
5 28
1 57
10 53
10 61
10 69
3 82
4 19
5 86
3 96
9 55
10 79
10 38
2 75
6 58
1 70
3 2
3 23
4 18
2 55
2 6
1 25
4 8
6 87
5 12
8 79
2 74
10 44
3 78
3 75
6 47
7 47
6 51
9 11
10 95
6 6
9 13
9 82
4 37
1 57
10 69
4 32
7 8
1 56
2 51
1 75
1 55
2 67
6 78
8 58
1 84
9 15
10 27
5 81
4 79
3 36
8 19
1 88
10 97
1 42
1 81
4 83
1 59
7 52
5 45
7 27
10 44
5 64
5 39
4 88
10 6
6 56
3 37
3 70
3 100
4 17
3 100
1 77
5 96
2 81
2 24
5 86
2 81
4 91
1 5
6 2
2 77
6 34
8 54
1 93
10 27
6 83
4 27
10 75
6 5
2 63
8 0
2 98
9 74
3 90
10 50
7 30
5 88
1 57
6 64
8 50
4 83
3 65
2 57
10 14
6 6
3 51
7 27
10 15
5 84
3 99
3 85
10 94
9 0
9 19
6 42
6 28
3 49
8 84
3 80
5 17
6 69
1 54
8 5
4 0
6 87
8 66
5 18
6 2
1 65
1 24
6 30
10 50
3 84
9 73
1 92
7 4
9 11
2 89
3 1
2 38
2 38
7 4
9 88
3 50
6 92
4 50
2 15
2 92
9 49
8 15
1 82
9 16
5 9
3 94
6 0
4 6
3 67
6 31
2 21
4 23
8 76
6 39
6 68
5 64
2 18
1 75
7 54
6 17
5 81
6 7
10 60
6 16
2 73
2 76
2 45
5 68
4 67
8 83
4 68
9 65
1 92
4 18
10 55
9 24
2 93
7 27
3 27
10 76
9 89
5 9
4 29
8 69
3 47
3 94
9 19
5 15
10 98
9 42
5 100
6 39
5 69
10 81
4 70
8 86
4 71
7 67
6 85
7 27
2 47
3 10
3 100
5 42
5 34
5 94
9 87
4 52
1 50
8 31
1 67
5 100
4 17
6 14
6 4
5 6
2 29
2 95
5 37
8 14
8 55
4 1
3 83
1 44
4 70
3 71
9 6
1 6
8 83
5 71
1 60
10 90
10 15
8 37
6 57
5 22
3 91
5 99
3 12
10 85
5 37
6 65
2 10
4 100
6 57
1 77
5 5
4 49
6 92
6 86
10 19
6 43
9 79
2 10
2 24
9 99
4 15
1 66
8 95
7 96
1 59
3 57
1 1
3 99
5 99
7 12
7 68
8 66
5 4
5 47
10 79
7 21
2 96
3 79
6 61
1 94
10 71
2 73
6 63
1 47
6 26
7 71
8 2
9 65
7 72
6 80
8 69
2 49
4 91
1 81
4 15
9 24
3 40
9 31
2 46
1 35
1 36
9 93
8 36
3 47
7 97
5 82
5 13
3 12
7 11
1 70
1 87
10 25
8 62
3 3
9 45
10 41
10 48
4 24
2 45
5 58
6 36
7 19
7 23
5 42
4 47
3 38
10 28
8 79
8 18
5 69
1 78
9 60
4 15
5 4
5 30
9 50
6 59
1 12
7 100
6 88
2 56
3 71
5 15
5 81
1 1
8 53
10 36
8 13
7 5
6 24
8 99
7 9
10 96
2 38
1 61
2 97
5 14
6 92
5 46
1 90
2 53
4 63
8 20
7 97
8 53
1 64
8 26
6 68
4 17
9 69
3 72
3 81
9 13
9 35
2 89
4 27
3 12
9 31
9 57
4 29
7 70
4 95
3 88
10 71
2 68
5 12
5 5
2 85
4 30
1 62
5 65
3 88
3 59
5 84
4 18
8 10
6 66
8 12
10 93
3 11
2 15
8 15
1 7
8 43
9 77
9 51
9 78
2 70
4 22
4 86
10 50
5 26
2 26
3 33
8 1
8 40
10 9
10 74
1 47
1 51
2 71
5 5
3 83
7 99
3 57
9 7
6 19
8 23
10 78
7 45
8 32
2 16
4 67
8 92
10 73
4 96
6 48
3 7
6 66
3 37
3 79
1 38
7 23
4 23
1 65
2 41
1 36
9 45
3 7
4 41
10 25
6 52
4 9
6 16
1 36
7 75
7 68
10 24
1 39
3 19
4 99
10 82
1 8
3 57
7 60
10 95
9 4
7 13
2 63
6 12
1 26
6 21
1 35
6 89
3 64
10 61
3 51
4 13
6 2
4 6
6 4
1 94
7 63
4 26
1 88
4 40
10 17
1 10
6 36
7 8
10 11
9 40
6 19
7 90
4 92
5 75
3 45
4 64
10 52
4 68
5 95
8 63
4 44
4 82
10 53
3 46
1 6
1 13
8 24
6 69
9 98
1 85
7 7
9 76
7 95
8 36
2 32
6 16
3 56
9 27
9 71
9 49
7 26
10 85
4 19
5 75
10 83
4 14
10 81
7 28
1 100
6 67
1 10
7 32
4 26
6 9
2 59
1 95
10 72
3 48
6 97
8 51
1 82
3 80
6 36
6 45
6 23
6 62
3 12
1 72
3 72
6 66
5 14
7 12
6 52
7 64
7 52
4 1
9 78
1 42
10 44
6 1
9 26
4 41
2 93
7 80
3 41
5 84
9 17
3 65
1 8
4 30
6 45
3 93
5 70
1 45
4 7
6 52
5 88
1 98
5 0
10 0
8 97
3 66
8 10
4 33
5 92
2 80
9 91
1 71
10 6
7 29
4 46
5 7
4 2
7 28
1 25
4 82
10 83
9 95
2 6
1 71
10 90
2 28
6 43
6 80
8 90
7 62
4 34
10 89
3 88
2 49
8 100
7 29
8 29
8 15
2 55
6 39
6 0
7 13
4 26
1 88
1 27
5 21
5 31
9 44
8 43
7 46
1 27
7 34
4 14
7 84
2 93
10 16
2 77
5 54
6 99
2 46
9 75
2 11
1 32
8 83
9 40
9 24
7 46
2 91
2 2
8 22
7 58
3 34
5 40
3 0
9 1
2 33
3 17
2 82
5 13
8 87
7 60
4 53
1 0
5 86
8 42
1 91
3 96
5 61
9 63
8 82
7 29
10 93
4 1
10 58
3 22
5 51
8 7
5 61
3 89
2 52
9 6
5 100
6 22
9 48
7 74
10 4
9 86
8 64
8 94
8 27
9 84
5 91
1 31
8 15
4 20
6 1
3 24
10 66
6 47
7 21
4 38
4 54
3 88
3 73
4 39
7 65
7 100
5 55
5 87
4 27
10 29
10 53
9 46
4 6
9 90
9 30
5 55
2 22
9 15
4 97
4 61
3 68
2 1
1 52
7 44
3 38
2 8
6 95
3 100
6 90
4 74
1 41
8 16
4 37
9 1
4 1
8 77
4 89
1 42
6 65
3 75
6 81
9 31
1 27
6 91
10 18
7 18
2 28
7 58
4 62
2 98
4 11
1 25
9 86
7 31
7 52
8 11
6 4
7 20
10 49
8 84
9 21
9 1
1 40
10 85
4 54
6 14
6 9
4 76
1 45
7 20
2 21
6 92
4 49
4 92
2 94
10 92
10 82
10 22
9 51
8 70
9 2
1 83
1 17
9 26
2 55
1 77
3 97
6 93
2 59
9 89
9 78
3 57
10 22
9 95
5 88
9 13
9 97
10 53
5 28
4 82
9 51
9 88
10 8
9 48
9 73
10 37
7 35
4 83
7 13
9 34
7 28
3 19
10 28
4 84
1 31
1 34
2 46
4 68
7 25
7 50
5 51
6 25
1 10
3 17
5 16
8 17
10 28
10 37
3 6
9 33
5 57
7 92
4 39
7 61
4 85
2 84
10 86
4 87
9 15
6 89
9 47
8 67
3 43
8 68
10 6
7 65
2 17
10 75
4 25
4 100
6 15
7 61
2 56
9 36
4 22
9 4
5 41
7 96
3 18
5 26
2 79
7 53
6 77
5 59
7 3
9 51
5 8
6 4
1 70
9 26
10 97
10 39
7 40
4 2
9 63
5 34
7 71
4 4
6 54
6 82
7 27
4 24
4 14
7 65
3 8
4 3
6 40
8 79
9 88
7 31
6 45
6 13
4 85
7 68
8 30
2 58
10 82
1 54
3 87
1 57
5 44
7 11
1 29
9 98
4 1
2 28
4 76
10 76
2 79
5 35
7 32
2 66
8 50
9 35
6 46
8 32
1 29
3 92
3 5
10 71
2 57
6 95
8 31
2 96
6 59
6 91
1 15
9 1
3 23
4 52
1 23
7 83
5 3
10 38
9 5
2 11
10 80
5 100
7 96
10 11
9 82
10 17
1 92
4 96
2 99
2 45
8 73
9 50
3 50
9 15
9 21
2 32
3 9
4 4
5 33
2 2
6 73
10 60
3 16
4 0
10 11
10 50
9 55
10 42
10 50
5 82
8 95
9 48
4 74
7 18
5 25
3 42
10 20
8 40
7 19
10 63
8 17
4 37
9 70
3 41
3 49
7 35
7 75
3 4
7 67
10 27
6 44
3 7
6 29
2 37
1 78
2 65
6 76
5 17
3 94
8 30
4 23
6 20
10 36
5 62
5 10
1 66
7 26
6 46
1 5
9 74
7 55
1 74
7 95
2 78
3 16
7 100
10 49
2 97
4 5
1 77
2 5
9 10
1 51
8 48
5 40
9 73
8 93
1 65
5 53
1 23
10 54
1 62
7 75
10 85
5 45
9 14
6 23
10 39
2 26
1 7
1 69
3 25
1 18
5 75
7 35
3 41
1 50
2 91
4 72
4 98
4 71
6 36
7 38
8 84
1 86
10 27
8 3
10 15
5 91
2 76
5 31
7 64
7 57
2 26
1 91
4 11
2 54
9 48
2 21
8 61
7 43
2 48
10 46
4 1
10 88
6 69
2 75
7 16
5 39
9 63
3 59
2 11
8 86
2 44
7 66
10 3
9 46
3 89
3 56
10 22
2 72
9 58
5 63
10 50
2 91
2 85
9 93
10 57
8 90
5 67
5 59
3 64
4 69
4 25
5 46
2 72
1 49
2 11
2 25
4 43
9 27
1 64
3 15
3 28
3 25
8 73
7 10
2 48
4 55
6 2
10 13
9 30
3 16
8 51
8 39
1 90
5 26
5 9
1 31
1 26
10 25
8 9
10 17
1 23
5 83
8 33
8 37
6 63
7 95
7 25
7 79
8 6
9 14
6 56
1 36
6 88
5 31
8 54
7 15
10 19
5 89
6 10
5 80
2 77
1 73
9 35
4 73
6 41
3 89
8 5
2 84
9 45
1 91
3 36
6 36
3 28
1 7
3 12
7 7
10 58
10 3
5 75
5 87
4 69
4 87
5 8
4 48
9 20
4 22
4 88
10 59
9 22
7 38
7 63
9 89
10 90
5 59
2 24
4 15
7 31
6 47
4 20
4 37
2 70
7 63
1 96
2 74
10 66
3 60
10 87
2 97
5 47
8 67
9 89
3 46
1 88
4 95
6 9
1 38
4 85
5 38
3 36
5 62
7 1
6 98
9 43
10 12
3 41
3 41
4 37
3 6
8 8
3 44
10 41
3 25
5 98
6 7
5 35
4 50
10 82
7 9
4 44
9 49
1 39
10 79
6 54
5 80
4 22
9 88
5 35
8 63
9 7
2 41
1 36
1 70
3 3
10 61
5 70
8 43
5 45
4 79
9 63
8 88
7 26
9 71
8 56
2 23
4 64
6 38
9 53
8 78
3 67
7 33
8 77
9 34
9 43
4 88
10 55
3 38
3 30
8 37
4 1
6 73
3 38
4 16
2 9
3 15
3 62
5 72
7 40
5 3
3 15
9 29
3 2
7 8
9 73
2 45
9 1
3 39
8 19
6 55
1 10
2 75
5 62
7 44
10 5
8 20
7 6
5 90
1 17
2 45
6 58
9 38
2 60
7 99
8 48
2 33
1 48
6 17
10 4
3 29
3 34
1 44
6 78
6 80
1 58
5 98
5 44
8 42
9 49
7 63
1 58
6 16
4 64
8 85
7 87
9 41
7 92
8 3
2 42
7 34
5 51
6 39
7 49
8 96
1 46
8 3
10 62
10 39
1 63
9 34
6 48
2 9
4 67
1 88
1 14
4 12
6 12
4 64
7 77
10 99
2 94
3 74
7 31
7 41
10 6
4 95
1 100
9 71
4 69
4 16
5 46
6 84
5 38
4 5
8 71
2 80
8 92
1 62
2 75
5 67
1 43
3 100
10 76
3 5
2 8
8 66
5 62
6 41
5 0
1 23
5 11
2 12
9 0
7 31
3 80
2 2
3 9
8 47
10 33
8 27
4 47
10 94
7 45
3 33
1 60
2 85
4 91
10 92
6 6
7 14
8 29
8 92
3 32
9 24
4 28
1 85
6 27
6 36
8 57
5 59
3 93
4 78
2 50
4 17
10 6
3 90
9 64
8 65
6 6
7 49
9 2
6 77
9 3
8 51
9 41
2 89
1 4
7 72
8 50
4 93
7 95
4 78
6 3
10 7
9 71
10 10
9 92
8 32
1 96
2 18
1 92
4 59
5 70
6 81
1 76
5 58
1 94
5 36
3 6
2 97
9 43
7 30
5 33
9 50
8 99
10 69
5 31
8 76
1 25
6 59
9 61
8 13
1 82
7 2
8 7
5 17
9 99
4 23
4 60
3 95
4 99
10 20
3 53
10 25
1 31
1 51
5 1
3 26
7 54
5 9
5 73
1 21
9 96
8 57
2 76
10 77
7 100
3 52
2 6
6 70
2 82
6 62
8 7
6 61
8 23
10 50
9 96
5 1
3 25
8 18
8 45
10 87
4 40
6 63
8 91
6 75
6 37
6 63
5 65
4 19
1 19
5 10
9 91
7 46
6 46
2 48
9 91
9 26
7 43
3 13
10 7
6 5
3 70
8 100
7 96
8 40
7 64
9 70
5 86
9 77
10 6
3 53
2 65
6 8
1 56
4 99
8 100
10 87
4 96
6 66
2 99
1 81
8 52
4 25
1 98
8 72
6 95
5 12
3 57
7 94
10 22
4 23
4 12
8 70
9 82
6 67
3 9
9 29
10 14
4 89
10 45
3 46
4 48
9 5
7 15
8 34
2 94
3 67
7 21
2 37
1 32
2 41
1 91
4 83
5 45
2 83
1 43
3 68
8 33
6 4
2 61
10 72
5 28
7 25
3 45
4 6
4 25
7 77
10 21
8 38
6 54
2 32
1 69
6 43
3 59
3 80
3 92
4 97
7 93
1 82
3 75
7 87
5 21
5 75
8 22
10 35
8 84
9 13
6 100
6 60
1 67
5 54
2 2
7 7
1 94
5 0
2 40
6 13
1 50
3 12
8 59
8 3
9 79
1 100
7 91
8 63
2 1
10 6
6 46
2 81
5 0
3 55
8 74
1 54
4 53
10 28
9 18
8 97
10 12
4 42
4 71
1 40
7 51
8 52
7 40
3 88
6 77
2 55
4 35
8 25
3 56
8 19
5 91
10 41
2 50
9 36
1 59
1 21
2 42
2 31
7 52
9 46
8 20
5 27
2 3
4 90
8 38
6 67
5 90
2 14
3 47
9 41
4 56
7 61
10 39
10 77
2 5
5 25
4 32
1 47
5 26
6 72
1 19
10 89
7 68
5 55
6 85
6 65
1 100
10 59
1 56
2 74
10 92
1 41
2 43
2 61
8 34
1 29
6 64
7 82
9 7
4 95
5 71
9 39
4 62
3 1
7 77
6 43
7 65
5 59
6 32
9 85
6 67
1 75
10 29
8 73
9 100
6 68
10 82
4 5
2 32
1 38
5 25
8 87
10 75
5 10
8 98
9 51
1 45
7 49
3 48
10 73
8 57
9 69
5 12
3 9
8 42
8 94
1 23
6 56
5 53
1 93
9 64
2 63
5 24
3 6
6 63
5 10
9 46
4 63
10 95
6 30
2 28
9 32
10 40
6 22
6 95
4 81
2 89
8 55
2 4
10 88
1 54
3 19
3 27
9 80
2 15
8 45
2 28
2 10
10 78
3 70
6 34
2 24
5 90
10 18
9 48
2 71
6 14
5 98
7 35
6 34
6 47
6 4
9 100
10 45
3 99
3 88
10 27
1 36
3 29
8 50
4 8
7 55
5 20
9 28
3 90
10 9
3 23
9 88
8 81
5 55
10 30
4 47
3 4
3 24
9 27
10 39
6 8
6 5
7 4
4 79
4 85
9 66
4 36
5 93
8 79
1 30
8 58
4 68
7 39
3 5
5 66
4 100
1 59
2 93
4 21
5 25
4 81
9 80
4 17
10 37
2 63
8 83
4 78
5 18
6 87
10 33
10 51
7 31
7 40
6 74
4 18
1 17
1 38
4 37
4 78
2 74
6 68
4 67
10 15
9 98
4 31
7 0
8 40
8 61
3 39
9 9
10 91
9 98
5 67
9 38
10 48
2 9
10 19
10 73
4 57
5 9
2 4
7 14
7 29
9 98
5 14
3 35
4 79
1 64
3 25
4 55
1 2
3 61
7 6
6 62
6 7
9 69
8 93
3 83
10 58
7 86
4 19
8 100
8 80
4 49
7 16
5 62
6 75
8 81
9 26
2 61
9 36
8 2
8 46
6 83
9 46
4 5
3 92
3 97
2 52
4 32
9 4
9 46
7 80
7 95
10 39
8 27
6 65
4 95
6 55
9 40
1 39
3 39
1 87
1 45
6 29
5 51
3 36
2 10
5 23
10 90
10 99
1 14
8 97
3 70
5 49
10 57
8 41
10 42
2 33
10 29
6 38
10 5
2 42
6 58
5 66
10 17
3 55
7 37
2 25
2 83
4 50
5 66
8 32
7 40
6 41
3 86
1 78
1 51
5 19
1 43
8 60
8 91
7 6
4 3
5 97
7 69
4 24
3 71
2 24
5 63
3 67
3 46
1 82
6 59
3 45
3 96
7 32
10 61
9 17
8 7
6 62
9 57
3 38
9 92
5 94
5 52
3 68
5 97
9 53
2 33
4 64
3 15
5 25
7 18
4 0
3 47
9 16
7 17
7 6
2 54
3 20
1 64
6 69
3 85
8 96
10 40
9 44
8 33
1 3
1 92
1 45
4 41
7 13
1 56
4 65
6 16
4 36
5 13
3 51
4 96
10 36
3 95
5 86
3 94
1 33
9 61
2 98
4 78
8 71
4 84
9 63
4 38
3 34
3 60
3 28
2 23
6 74
10 10
6 38
1 78
1 70
5 14
9 81
9 100
10 5
6 89
5 34
6 5
2 67
2 23
3 2
6 96
4 89
5 54
3 11
7 35
2 53
7 64
5 13
5 36
4 27
1 24
10 35
2 23
10 0
2 100
10 62
1 61
6 51
2 11
10 51
1 53
4 92
6 89
1 68
8 61
6 29
9 38
2 24
8 68
6 60
4 44
7 48
7 17
9 66
5 64
7 49
7 12
5 4
5 59
4 93
9 53
10 86
2 89
9 87
5 76
4 21
6 61
2 67
3 62
7 36
10 42
8 90
3 29
5 77
3 19
8 8
7 60
7 52
7 11
5 23
4 95
1 61
7 4
3 82
8 27
9 44
4 40
5 44
4 100
2 87
5 56
10 79
2 11
1 7
7 71
6 38
6 87
5 39
10 18
8 89
4 43
1 30
4 44
2 6
2 2
8 57
2 19
8 26
7 85
10 74
4 94
8 6
2 5
8 43
7 47
6 19
5 79
5 85
5 67
9 82
10 90
1 92
1 80
4 87
3 27
10 46
4 39
4 33
4 45
2 71
4 62
1 50
1 13
9 17
6 27
4 14
4 8
7 41
3 23
7 57
3 22
3 47
9 26
4 0
2 6
8 100
5 72
1 47
6 69
9 80
10 2
1 0
7 54
10 70
5 39
7 64
9 53
8 8
4 28
9 19
5 50
9 42
2 37
6 67
9 44
9 62
7 12
8 76
8 23
6 31
9 49
2 87
7 74
9 36
5 91
5 55
5 41
9 85
10 68
8 60
5 7
3 45
1 38
5 45
2 21
1 53
4 37
4 67
4 42
4 49
4 9
10 54
2 49
10 99
2 63
9 47
10 96
10 83
3 83
1 54
9 0
7 66
3 81
6 75
3 78
7 53
8 35
6 92
6 87
4 73
3 90
4 11
7 86
5 98
4 44
10 84
1 57
5 42
2 99
2 36
6 36
6 96
6 31
6 69
9 45
8 21
1 17
9 10
3 92
10 51
2 89
5 48
10 97
2 15
2 46
6 23
5 73
8 77
10 87
4 37
5 21
1 10
8 57
4 50
10 17
10 94
3 31
9 50
5 8
3 64
1 71
2 76
5 30
5 43
6 9
9 96
4 63
2 77
9 76
2 14
3 93
4 42
6 34
8 49
3 30
3 81
9 74
2 13
6 63
7 2
6 24
4 24
5 41
9 54
5 74
3 11
4 97
3 4
4 95
7 8
8 17
7 78
7 9
6 16
5 36
1 77
4 6
9 67
4 17
6 5
2 28
8 74
10 65
1 12
6 41
4 36
1 72
4 1
6 44
5 37
9 31
8 76
2 26
3 96
4 40
6 37
8 19
9 18
8 75
6 60
10 71
6 47
3 54
6 56
7 87
4 62
10 31
4 2
1 66
6 10
3 64
10 98
9 59
7 66
8 69
8 39
1 48
7 18
6 59
7 97
5 76
2 54
2 87
8 21
9 85
6 51
2 7
9 8
1 70
3 16
8 86
6 0
5 27
4 24
9 75
8 35
9 61
8 84
8 3
7 18
8 94
10 56
2 59
6 80
1 63
6 87
9 25
10 61
7 37
5 71
6 67
5 74
7 85
3 12
2 60
10 76
10 38
9 40
4 49
4 75
6 37
3 92
8 47
8 0
1 77
1 61
10 87
3 41
3 2
7 3
3 79
9 95
5 98
7 65
1 63
9 3
8 90
7 1
6 53
7 7
1 36
6 53
3 70
9 90
10 31
3 17
6 43
5 92
8 32
1 85
4 25
2 88
2 51
5 22
1 52
1 90
4 20
4 39
6 84
9 87
5 95
3 52
1 26
10 29
10 23
4 86
6 51
6 56
6 94
2 86
4 29
6 53
7 24
9 25
10 97
4 56
6 50
4 71
8 61
1 89
2 2
7 57
7 82
8 19
1 14
1 81
9 77
1 29
6 98
1 57
7 9
2 3
8 10
3 39
8 98
8 0
10 58
3 0
7 18
1 35
8 85
8 45
5 86
1 46
2 89
2 96
6 91
5 33
3 29
9 64
5 55
2 12
8 56
2 24
5 50
4 78
8 61
6 50
9 82
6 44
10 100
1 2
2 47
6 93
6 71
8 37
8 59
5 95
4 95
3 36
4 36
7 6
10 99
9 81
4 28
4 13
4 94
6 59
1 9
8 65
3 16
6 62
9 42
10 89
5 55
6 64
9 0
10 100
1 89
2 67
7 61
6 53
3 59
7 95
9 42
3 99
3 86
5 12
3 86
1 60
7 25
2 99
6 97
1 30
9 69
6 15
10 48
2 7
8 34
2 68
4 47
1 67
7 76
7 15
1 64
1 66
5 6
10 78
9 5
10 94
7 45
8 1
5 77
5 64
4 64
1 1
4 92
3 39
8 48
1 39
2 99
7 71
6 56
1 55
8 93
5 58
6 2
2 38
2 72
6 83
1 27
3 33
1 46
5 19
4 13
1 3
3 73
2 11
8 11
1 95
4 100
7 88
9 56
1 55
3 39
1 57
9 74
7 50
5 76
8 29
6 54
8 39
8 55
4 79
3 34
1 81
3 57
6 86
6 14
4 0
2 72
7 80
8 76
6 85
1 36
1 53
9 55
10 10
2 72
8 41
4 77
3 99
5 88
6 59
4 66
8 10
3 84
1 8
4 35
1 92
10 50
7 28
9 99
1 77
9 81
10 85
10 32
9 36
6 40
2 55
2 53
2 36
3 48
9 89
4 58
7 46
9 81
10 5
4 87
8 42
8 54
6 89
3 95
6 68
3 43
8 17
4 82
10 0
7 78
3 95
5 45
3 48
7 93
5 22
1 3
8 86
1 55
10 65
10 80
5 19
3 41
4 71
1 5
10 70
7 58
9 40
7 24
1 71
7 3
1 58
5 80
3 68
8 60
5 17
5 4
3 63
7 99
8 65
8 77
9 49
2 45
4 7
9 70
1 45
5 32
5 80
10 4
9 49
5 91
3 14
3 63
9 50
6 7
6 72
1 4
5 48
7 8
7 65
2 9
7 60
4 63
5 57
1 31
9 25
8 94
4 27
2 87
5 6
7 8
2 33
1 93
10 38
9 99
5 74
9 53
9 32
7 3
4 43
4 23
9 83
1 19
5 53
5 7
1 69
10 100
7 43
9 89
4 58
3 64
7 43
8 96
7 83
6 85
2 27
2 17
8 81
8 27
4 3
1 37
6 0
2 29
8 67
9 90
9 22
6 37
1 64
7 84
1 41
4 46
1 100
9 97
9 63
7 56
10 90
1 56
3 5
6 93
3 93
3 21
2 61
7 31
9 33
8 37
5 29
4 12
10 91
5 14
5 77
4 55
4 33
5 35
1 91
1 91
10 50
3 58
9 43
4 7
5 54
4 26
5 49
10 96
10 9
10 13
1 100
3 15
6 52
10 70
7 73
9 71
5 82
6 55
7 55
3 86
2 83
4 24
9 59
2 91
6 81
2 34
4 85
8 90
5 84
6 4
7 62
5 80
8 95
9 36
2 33
8 76
6 71
7 54
10 88
8 39
10 53
7 81
8 27
6 93
6 51
7 77
7 15
2 16
1 12
10 87
6 60
8 92
6 39
9 93
9 33
9 37
1 13
7 51
4 13
8 38
1 86
9 16
7 88
7 64
7 12
9 67
4 90
3 63
10 90
4 9
3 22
4 54
2 55
1 29
2 37
2 42
1 94
8 45
7 70
8 52
3 92
1 41
5 80
10 80
7 20
5 92
5 34
5 58
6 55
2 17
10 81
5 3
9 8
2 89
7 100
7 8
3 17
6 74
5 58
6 21
5 55
7 69
7 53
4 80
4 64
7 56
2 60
2 41
8 70
9 28
2 2
9 76
5 23
9 91
3 44
2 37
1 67
4 44
9 17
1 97
3 87
8 9
4 82
7 16
3 33
1 33
6 55
5 44
8 19
4 12
6 57
8 74
4 11
8 71
1 3
8 95
9 65
7 15
7 14
7 2
6 42
9 15
1 9
2 16
4 15
1 59
4 54
2 40
8 46
4 37
4 38
6 69
6 44
7 91
6 75
6 25
5 67
3 63
10 14
10 3
9 57
6 11
3 75
5 20
5 59
1 19
2 57
5 6
1 7
8 0
8 35
3 97
9 63
1 66
9 29
7 11
1 90
1 14
3 47
4 44
1 39
10 54
10 94
9 32
1 30
2 49
6 73
10 90
9 68
9 69
7 52
1 38
10 75
1 70
1 56
1 13
8 45
1 67
5 69
7 83
10 77
7 82
9 74
8 46
9 56
9 98
6 34
6 51
3 65
4 0
7 95
10 21
1 62
3 49
8 34
9 76
5 56
6 40
1 32
2 84
3 55
6 89
8 82
5 3
6 96
6 86
4 53
4 63
5 14
7 11
2 86
7 10
9 79
4 62
7 97
7 98
3 77
10 59
6 78
4 56
9 13
5 99
8 75
5 97
2 70
7 23
2 53
3 16
10 72
1 84
3 36
3 41
2 14
3 0
9 13
6 46
2 4
9 76
2 39
6 18
3 37
1 72
2 81
5 86
6 97
9 72
2 8
5 17
6 83
10 87
5 61
9 55
6 16
2 58
2 49
5 70
6 19
5 84
5 34
7 34
8 50
2 44
3 87
6 45
3 37
5 59
7 29
4 36
8 56
7 31
4 81
7 11
9 62
1 60
4 44
5 42
5 77
2 32
6 39
3 51
10 37
1 37
8 95
5 25
7 88
3 5
10 40
4 97
1 39
1 34
5 66
10 52
7 79
9 66
10 74
7 9
1 6
8 84
7 9
1 14
7 1
7 93
9 29
9 58
9 98
4 79
2 11
5 41
5 60
8 75
7 46
5 47
7 17
2 88
3 46
9 95
10 87
2 95
4 78
10 10
10 75
7 22
10 27
3 84
9 51
10 15
2 7
1 49
10 59
4 36
2 99
8 81
3 91
4 48
2 32
5 49
4 0
10 31
8 72
3 92
8 56
9 59
3 10
10 79
10 70
3 76
4 8
4 61
2 18
8 24
9 60
8 12
2 91
7 86
9 71
10 52
5 82
7 33
6 89
3 98
7 7
8 86
10 37
8 38
5 24
8 43
5 28
2 27
3 21
7 5
5 34
5 25
5 29
4 7
6 99
1 64
8 61
7 21
9 75
8 50
8 46
1 74
10 61
9 18
8 71
6 32
2 25
3 26
5 23
3 56
6 48
1 71
8 11
5 10
8 35
7 57
7 74
10 25
7 59
3 33
8 17
6 8
5 28
9 24
2 66
6 12
1 19
3 31
7 37
10 51
2 20
2 84
8 79
3 19
4 93
3 3
9 87
2 19
10 71
1 84
8 11
9 96
8 99
10 46
5 96
10 25
2 20
4 97
2 4
8 24
5 13
1 97
10 21
4 42
5 23
1 25
10 94
4 15
8 3
8 68
7 18
10 51
6 69
9 26
1 98
9 8
10 82
8 79
9 36
7 68
8 75
10 28
2 84
3 90
4 72
2 6
1 50
3 12
6 8
2 26
4 71
2 4
8 6
2 87
7 8
2 9
8 14
8 48
6 30
5 25
4 18
8 53
4 66
5 54
10 15
1 98
9 99
7 60
8 7
5 98
5 47
6 84
10 12
3 73
3 55
5 81
3 30
5 93
7 69
8 53
6 44
6 85
5 60
10 42
3 7
10 21
7 9
3 53
10 87
4 93
3 88
9 76
4 51
1 51
7 67
4 31
6 82
10 89
10 36
1 96
1 74
4 92
6 87
8 50
4 100
3 7
2 3
8 48
6 71
10 79
8 8
4 34
2 15
2 3
3 67
2 100
4 10
1 79
9 19
4 81
8 80
2 19
10 73
7 23
3 69
1 70
8 47
1 63
7 48
10 84
6 32
6 85
10 15
10 28
1 55
8 58
7 19
8 33
5 3
10 98
7 90
7 49
7 72
7 45
6 30
7 100
2 70
6 47
5 72
8 23
5 32
10 91
3 25
1 24
7 94
10 44
4 7
5 57
9 10
1 91
6 30
9 17
2 91
9 49
9 33
3 60
10 24
5 15
2 17
4 84
6 89
2 78
6 52
4 24
3 43
6 100
7 72
9 21
7 62
9 36
7 67
2 4
1 10
5 42
8 21
1 14
10 37
5 12
1 1
6 60
8 6
4 29
7 28
8 40
1 57
2 69
6 70
5 34
1 21
6 81
8 12
7 32
4 77
3 9
4 26
9 34
10 90
10 60
9 41
5 6
2 33
6 72
1 81
7 8
4 37
5 57
5 66
8 58
3 42
10 17
2 11
8 50
3 53
10 75
8 52
5 9
7 65
8 1
8 69
4 27
4 89
8 78
7 87
7 57
1 25
4 0
6 9
1 58
6 34
3 23
2 81
3 62
2 59
2 80
9 8
9 63
3 12
1 34
8 45
5 36
6 74
6 73
3 9
6 10
7 79
3 14
1 29
8 43
2 68
7 65
3 68
1 27
4 74
9 13
3 1
7 89
10 11
1 44
7 4
5 91
5 23
2 14
2 78
7 10
1 11
1 29
2 27
5 53
5 99
3 32
6 45
1 82
7 47
9 6
7 45
10 74
3 24
4 84
6 24
4 4
8 60
2 24
5 21
9 58
5 95
8 68
1 22
10 71
10 49
9 92
6 11
7 75
3 59
7 54
5 46
8 35
8 20
1 74
9 13
3 96
7 45
5 70
9 79
9 27
8 87
6 11
8 4
8 91
9 97
6 20
2 21
1 1
3 28
3 35
5 2
7 67
9 85
2 20
9 1
5 21
7 19
9 52
8 23
2 61
5 46
6 9
8 56
5 96
4 40
8 93
6 98
7 47
3 61
6 80
2 49
8 99
9 21
2 23
10 90
8 42
1 76
6 53
1 25
5 60
2 17
3 24
3 63
1 5
7 50
7 11
1 52
1 89
1 0
2 25
1 91
2 36
4 8
5 18
6 62
5 26
10 16
10 89
2 13
5 66
9 53
3 64
9 24
4 70
10 46
10 14
4 18
7 2
3 57
6 91
5 40
10 40
2 14
6 15
8 56
8 73
8 39
10 32
6 70
5 27
5 18
6 89
1 70
8 5
9 7
2 58
1 28
7 9
1 22
10 27
2 28
9 49
10 4
1 57
3 64
10 52
1 42
8 23
7 47
4 5
9 38
7 11
3 94
9 69
7 27
3 49
8 87
3 87
6 16
9 90
8 25
2 77
7 44
6 77
5 42
8 10
1 55
10 39
2 50
3 15
7 30
7 13
1 84
5 95
2 50
4 54
4 70
8 67
8 46
4 23
3 22
6 51
3 82
6 96
3 68
8 27
8 55
6 11
8 25
6 28
2 95
7 93
5 93
4 32
9 50
6 79
9 70
2 91
10 67
9 7
6 61
10 67
3 12
5 31
7 94
4 13
7 36
9 22
4 70
10 46
6 10
2 83
3 96
5 32
4 55
8 79
8 14
6 11
10 61
7 80
8 100
10 43
5 23
3 73
4 75
5 30
3 7
3 25
7 97
5 86
9 20
8 43
3 17
2 96
1 66
1 33
9 68
10 66
5 72
2 32
2 3
4 9
3 22
6 27
9 14
9 0
8 82
8 100
6 46
2 79
2 87
7 36
2 76
9 24
4 75
6 2
9 49
9 90
1 15
3 16
10 47
8 85
9 58
2 72
3 62
5 54
6 80
1 83
10 13
8 3
4 56
2 31
2 59
8 98
4 37
7 91
3 42
9 26
4 90
6 100
4 62
4 100
1 90
2 85
8 49
3 8
9 5
7 14
7 33
2 41
10 72
1 94
8 42
3 46
9 52
1 60
10 87
1 28
1 49
1 44
9 55
6 19
1 44
1 97
2 67
3 40
9 35
5 89
9 25
3 46
7 50
1 71
7 51
3 38
4 75
4 5
6 82
10 72
7 13
3 85
5 9
1 3
2 98
7 39
3 26
10 87
1 8
10 88
2 4
10 24
2 34
4 0
2 20
10 38
1 0
4 95
7 63
3 91
7 80
10 65
8 42
4 99
9 23
9 83
4 57
1 5
8 95
8 4
9 12
6 69
4 0
8 57
9 62
1 14
2 41
4 99
2 58
4 43
5 3
8 87
5 88
3 6
1 60
4 18
6 25
6 66
2 100
2 28
8 75
9 79
10 100
10 41
4 7
2 78
1 11
3 13
2 61
2 46
2 91
10 78
7 97
8 90
1 79
8 79
10 68
4 67
5 51
9 46
3 5
10 6
4 24
2 75
8 92
6 63
1 7
8 46
7 81
5 60
7 48
4 36
1 84
8 78
8 31
5 58
8 97
8 4
10 48
6 59
4 78
7 79
9 74
8 55
7 57
3 54
4 5
6 65
2 59
1 97
3 56
4 7
3 21
4 62
1 31
2 61
4 41
2 95
10 53
2 15
7 3
9 73
5 95
7 5
8 20
5 52
8 84
1 2
8 68
4 53
2 75
1 24
8 85
9 83
3 50
4 36
3 91
3 97
1 50
3 11
6 49
6 40
2 99
9 42
2 70
8 93
7 73
7 97
2 34
7 27
4 44
4 17
7 10
6 96
9 55
7 57
3 63
2 93
1 90
3 58
7 67
5 88
6 82
6 27
6 88
2 9
5 35
2 62
6 8
5 90
2 21
9 41
1 14
2 38
2 51
6 90
2 54
10 22
2 46
3 14
7 33
7 25
5 47
4 31
6 50
10 73
1 82
7 16
8 79
1 98
3 68
1 22
2 94
2 76
3 47
5 64
5 90
2 71
4 2
2 15
4 67
10 64
1 24
3 98
3 95
8 41
5 57
3 3
1 21
5 70
2 77
4 36
10 33
10 85
2 43
8 89
5 44
6 8
6 72
2 62
9 25
5 29
4 33
8 70
5 79
1 3
2 3
1 66
4 85
9 53
5 0
9 94
2 39
1 8
5 4
5 33
7 98
6 98
6 51
1 67
2 27
1 41
7 61
9 93
8 63
10 14
2 94
2 2
10 25
1 34
10 30
10 58
9 100
4 58
2 92
8 79
4 98
6 95
3 75
8 95
3 72
10 18
8 31
6 84
9 77
1 81
2 35
6 83
1 92
2 61
6 22
4 23
8 46
4 91
4 14
1 5
1 82
7 58
3 1
4 76
10 18
7 47
4 83
3 91
7 27
10 73
1 11
4 52
1 13
2 92
5 45
5 87
5 53
6 80
5 85
7 15
9 30
10 19
7 92
6 88
1 34
9 27
9 97
7 0
8 77
6 9
6 32
10 95
9 29
1 91
3 18
8 80
3 63
9 91
8 86
3 57
3 43
1 51
6 60
1 96
10 31
4 94
6 13
1 2
7 73
7 10
9 62
2 81
10 31
1 39
9 77
3 14
7 37
5 12
2 54
4 27
2 38
4 91
8 83
4 46
3 31
10 68
8 67
1 26
7 20
3 61
1 5
4 64
6 42
6 31
6 70
6 91
2 40
5 90
6 73
4 95
10 4
7 56
6 8
2 7
4 39
7 26
8 48
1 68
9 40
8 28
3 59
4 59
4 42
3 36
3 97
4 84
1 47
6 96
10 98
6 56
2 96
5 90
10 87
1 68
9 16
5 66
2 42
4 14
3 12
6 58
3 100
9 54
9 69
7 50
7 77
6 92
4 52
3 53
1 56
8 69
7 55
9 63
10 62
10 89
4 94
3 4
10 48
6 55
1 41
5 74
3 96
7 66
8 65
7 61
3 12
4 30
8 95
8 36
8 20
3 68
5 97
3 40
10 9
1 82
6 74
1 11
1 6
6 64
3 31
1 42
6 22
5 63
7 62
5 0
6 96
3 42
9 100
3 45
8 15
3 4
3 51
8 42
7 30
4 25
4 69
6 38
7 62
3 44
4 62
7 87
7 90
9 95
5 98
4 45
6 79
6 19
4 56
1 60
6 41
8 83
7 11
8 59
5 77
8 45
2 60
3 84
2 24
5 91
9 30
6 8
1 87
2 10
2 21
10 39
7 1
6 57
8 33
4 19
5 84
3 70
7 39
10 23
9 2
9 36
9 81
3 10
4 40
3 100
6 7
3 39
5 34
7 86
9 91
3 35
9 64
3 99
4 80
3 23
6 62
3 42
3 19
1 42
6 40
2 5
2 28
3 66
6 49
10 42
10 24
1 35
7 26
8 9
3 87
3 2
7 43
2 68
7 70
1 36
10 74
3 33
1 26
4 41
3 6
2 51
1 97
6 46
5 23
4 36
4 6
6 74
1 7
4 75
8 100
10 29
8 45
9 14
2 42
3 87
10 16
4 59
1 82
3 75
9 49
9 17
6 78
5 73
10 15
8 1
9 10
2 73
4 53
8 22
1 89
2 81
8 28
1 70
5 46
9 14
2 86
6 32
8 1
7 68
6 37
4 93
7 26
8 18
3 27
7 98
3 23
2 63
6 59
10 42
5 43
7 5
5 8
3 96
8 33
6 100
2 30
1 18
8 27
8 0
2 9
5 25
9 98
3 56
6 8
9 76
2 4
10 44
9 39
7 48
3 83
8 21
1 5
3 99
10 68
2 65
8 3
7 16
6 63
3 28
9 98
10 6
3 97
3 76
4 64
2 64
2 35
7 49
5 63
2 68
7 77
8 81
2 72
7 94
8 5
8 5
8 20
2 81
10 12
6 95
7 81
2 19
3 58
10 55
9 5
9 92
9 83
5 54
6 3
8 74
1 44
9 87
5 59
10 1
5 58
3 41
4 38
9 100
10 57
4 81
1 72
5 94
3 42
8 33
10 90
6 34
6 36
3 78
1 11
9 84
10 59
1 11
3 9
2 9
2 86
10 14
7 50
4 83
3 38
2 43
10 79
6 3
8 26
7 32
2 65
2 54
6 53
2 68
3 31
5 90
7 19
4 40
3 84
1 11
1 40
9 100
4 28
1 59
3 57
9 24
8 92
4 64
10 51
3 95
8 11
3 62
10 15
4 31
1 56
2 45
10 2
7 11
9 84
4 78
4 100
1 43
1 91
2 83
4 12
2 23
1 33
3 17
6 39
5 50
8 85
3 61
6 47
3 25
7 5
1 63
3 84
10 2
8 50
7 50
5 7
1 86
9 62
5 50
10 21
2 78
2 61
5 34
3 78
10 22
10 42
5 26
3 20
8 43
8 76
10 46
8 53
10 57
4 70
3 30
10 48
6 70
8 84
1 36
7 95
3 89
1 26
10 86
9 68
8 21
8 93
1 60
9 97
9 82
6 96
5 18
3 9
10 50
4 8
7 7
7 3
6 4
1 23
10 67
3 18
1 41
2 20
10 92
9 33
8 27
10 81
6 97
9 63
1 15
3 52
8 83
6 19
5 62
1 31
10 43
3 64
3 77
9 88
10 62
6 52
4 1
3 70
8 74
7 77
3 5
5 42
7 4
2 49
10 24
10 12
9 71
5 3
3 93
3 33
1 2
3 78
9 61
8 21
8 72
5 15
6 90
10 63
3 77
10 21
9 9
8 44
5 79
3 96
6 23
3 65
4 22
10 13
1 43
4 37
8 51
9 91
1 99
10 10
1 32
1 38
5 65
6 76
1 3
1 71
5 89
5 58
10 19
6 34
3 56
2 74
8 80
6 78
1 96
8 72
2 80
7 53
1 22
8 11
9 3
10 54
1 79
6 68
5 13
8 58
6 97
3 41
7 63
1 90
6 59
8 53
7 35
6 9
9 94
5 73
8 4
2 6
4 23
6 81
9 97
10 66
8 51
6 58
3 85
7 25
4 33
9 54
1 26
1 32
9 27
2 11
7 82
4 100
2 81
8 22
4 60
4 10
1 86
4 98
10 84
5 40
3 47
4 71
6 53
6 96
7 79
10 38
5 44
2 41
7 51
1 44
9 7
7 79
1 81
8 84
6 69
7 57
9 0
10 16
4 12
3 20
5 38
2 100
10 0
2 39
9 55
2 25
8 44
4 35
3 40
4 49
4 19
3 90
5 72
4 63
6 4
8 24
7 30
3 9
8 84
6 45
7 42
3 42
8 73
8 95
9 85
9 19
8 86
7 9
5 52
2 43
10 83
3 5
5 31
9 58
2 68
10 23
6 90
4 33
5 13
7 37
2 90
1 0
9 69
3 22
9 63
4 60
8 13
8 41
3 24
3 18
6 55
5 63
2 49
2 58
3 37
9 30
8 65
8 53
6 17
8 90
3 99
6 83
1 11
2 90
6 43
8 18
10 60
2 14
1 66
6 20
2 91
4 14
8 82
9 68
2 37
1 47
1 1
3 4
8 94
6 65
2 83
4 20
5 94
2 0
1 90
6 5
4 63
7 97
7 74
2 29
2 59
9 10
1 32
5 60
1 39
9 23
7 58
1 64
9 78
10 58
8 62
1 15
8 41
6 70
3 14
10 23
7 63
7 100
5 10
7 70
3 79
4 67
4 27
7 42
9 32
7 21
7 64
9 33
9 55
10 42
1 11
7 23
4 53
5 94
7 53
7 78
4 5
3 59
8 100
9 12
1 68
8 76
4 69
3 87
1 10
3 24
5 29
6 89
10 25
6 69
4 70
1 29
9 39
10 60
5 41
10 41
6 17
9 51
5 95
4 76
10 63
5 73
2 28
8 32
5 2
5 61
3 64
4 5
1 21
2 70
3 87
4 31
1 21
8 23
3 10
2 31
4 33
4 47
10 44
1 69
4 89
4 98
9 85
5 66
10 49
3 45
7 16
8 45
2 43
2 11
6 61
6 21
9 4
4 92
5 7
1 41
10 100
1 55
7 61
8 13
7 63
10 56
3 15
6 70
6 17
8 72
6 98
8 15
1 19
3 87
2 47
4 43
4 88
3 42
2 45
1 26
1 65
7 72
8 17
1 14
9 74
3 36
6 19
6 1
3 31
1 67
10 59
1 4
2 84
9 11
7 64
6 79
8 14
7 32
1 36
5 73
3 36
8 7
2 44
4 15
1 7
6 13
9 15
4 49
2 14
1 21
7 75
6 4
3 3
2 54
9 59
6 84
6 22
3 69
9 59
8 90
3 47
3 7
4 17
10 74
10 60
10 79
3 15
8 18
7 19
6 13
4 12
6 72
1 28
4 78
7 57
7 38
4 66
6 37
4 33
9 8
9 41
5 97
6 20
10 98
1 49
3 45
9 73
3 16
6 59
